0 0.425039 0.357455 0.014766 0.031875
0 0.401308 0.351830 0.034805 0.043125
0 0.395508 0.366161 0.027422 0.041250
0 0.537363 0.357723 0.028477 0.028125
0 0.510469 0.351830 0.025312 0.035625
0 0.484629 0.353705 0.022148 0.046875
0 0.176706 0.427342 0.078901 0.091387
0 0.077257 0.451052 0.154515 0.144652
0 0.603206 0.366830 0.049570 0.065625
0 0.620608 0.368705 0.037969 0.065625
0 0.659631 0.374330 0.063281 0.084375
0 0.693231 0.386518 0.048516 0.090000
0 0.760731 0.402288 0.124453 0.125290
0 0.896400 0.427674 0.203270 0.185564
0 0.503613 0.316473 0.017930 0.020625
0 0.470918 0.315536 0.020039 0.022500
