0 0.085471 0.399790 0.096973 0.083809
0 0.190656 0.407718 0.044594 0.045302
0 0.242895 0.398658 0.042046 0.045302
0 0.280481 0.407718 0.015289 0.022651
0 0.332083 0.396392 0.057335 0.045302
0 0.381774 0.395260 0.026756 0.029446
0 0.427642 0.443519 0.098107 0.130495
0 0.474147 0.402055 0.020386 0.024916
0 0.491985 0.405453 0.015289 0.031711
0 0.509186 0.408850 0.016564 0.029446
0 0.530209 0.412248 0.025482 0.054362
0 0.554417 0.419043 0.028031 0.058893
0 0.646153 0.458109 0.186021 0.243513
0 0.831668 0.488129 0.187556 0.228775
0 0.956401 0.584746 0.085366 0.184103
0 0.381137 0.360151 0.012741 0.013591
