0 0.641033 0.423489 0.047031 0.106042
0 0.709859 0.434572 0.138798 0.161370
0 0.852481 0.463255 0.258096 0.242674
0 0.488470 0.397998 0.044737 0.059139
0 0.462660 0.393920 0.022942 0.042825
0 0.373761 0.392900 0.024089 0.040785
0 0.311818 0.386782 0.019501 0.036707
0 0.036325 0.395825 0.072649 0.083878
0 0.116668 0.398678 0.065672 0.059139
0 0.190360 0.395545 0.065116 0.056952
0 0.250448 0.388482 0.027530 0.030589
0 0.280273 0.389501 0.034413 0.036707
0 0.343363 0.404796 0.055060 0.075453
0 0.410468 0.430287 0.086032 0.114199
0 0.565134 0.415370 0.119298 0.152190
0 0.975793 0.537009 0.045884 0.252870
