0 0.496797 0.438864 0.011959 0.025512
0 0.470488 0.450557 0.016742 0.023386
0 0.459725 0.448431 0.009567 0.036142
2 0.436406 0.444179 0.029897 0.061654
0 0.429829 0.456501 0.031093 0.047379
0 0.364654 0.468628 0.029897 0.068032
0 0.398318 0.475521 0.046098 0.060558
0 0.333561 0.478195 0.056206 0.061654
0 0.213975 0.492736 0.175792 0.117003
0 0.545230 0.425045 0.013155 0.057402
0 0.627488 0.475765 0.169813 0.129685
0 0.796703 0.398167 0.034680 0.038268
0 0.827198 0.404545 0.026309 0.034016
0 0.849919 0.409860 0.028701 0.040394
0 0.884002 0.406671 0.039464 0.038268
0 0.527890 0.431119 0.021526 0.031890
0 0.674493 0.118919 0.037500 0.014414
