0 0.601699 0.717455 0.015820 0.020625
0 0.590625 0.719330 0.012656 0.020625
0 0.627011 0.718393 0.028477 0.063750
0 0.502558 0.728705 0.017930 0.035625
0 0.665653 0.724125 0.069609 0.105000
0 0.698348 0.750375 0.067500 0.108750
0 0.740939 0.760957 0.109687 0.142500
0 0.837949 0.789375 0.165586 0.176250
0 0.397090 0.761250 0.032695 0.075000
0 0.355430 0.765937 0.073828 0.106875
0 0.288457 0.788437 0.089648 0.125625
0 0.155566 0.829687 0.205664 0.166875
0 0.555293 0.795937 0.125508 0.178125
0 0.032168 0.882187 0.062227 0.230625
0 0.926015 0.867187 0.145547 0.260625
