0 0.314684 0.419556 0.161173 0.223951
0 0.546630 0.418875 0.092436 0.138827
0 0.433236 0.390090 0.059879 0.084685
0 0.166278 0.393694 0.083232 0.095495
2 0.204969 0.350355 0.136898 0.131340
1 0.914020 0.368468 0.171959 0.560360
0 0.770814 0.434234 0.157021 0.190991
0 0.665623 0.418186 0.091727 0.104168
0 0.623830 0.400814 0.052604 0.077745
0 0.597528 0.396264 0.035102 0.052003
0 0.468235 0.377543 0.026912 0.039522
0 0.487541 0.380663 0.016381 0.037442
0 0.513283 0.369222 0.030422 0.047843
0 0.395323 0.374770 0.028273 0.057666
