0 0.531589 0.505954 0.011203 0.017071
0 0.541192 0.507376 0.008002 0.011380
0 0.548393 0.508799 0.008002 0.017071
0 0.560396 0.509510 0.009602 0.012803
0 0.518386 0.506665 0.023205 0.024183
0 0.502383 0.508088 0.008802 0.015648
0 0.497181 0.505954 0.011203 0.011380
0 0.492380 0.509510 0.009602 0.015648
0 0.472376 0.508088 0.011203 0.021338
0 0.464774 0.510933 0.008802 0.021338
0 0.458773 0.510222 0.014403 0.025606
0 0.447970 0.509510 0.013603 0.029874
0 0.433967 0.510933 0.025606 0.035564
0 0.576333 0.507495 0.009602 0.022761
0 0.581934 0.508918 0.009602 0.025606
0 0.588336 0.511051 0.012803 0.021338
0 0.596738 0.511051 0.010402 0.027028
0 0.601539 0.514608 0.010402 0.031296
0 0.617143 0.515319 0.030407 0.038409
0 0.362284 0.551594 0.125629 0.156481
0 0.251658 0.558707 0.116027 0.130875
