0 0.093713 0.770349 0.187427 0.212146
0 0.287447 0.730517 0.083758 0.091314
0 0.353988 0.714178 0.051399 0.072108
0 0.391357 0.709925 0.024122 0.039524
0 0.437346 0.709700 0.033580 0.044401
0 0.459663 0.702571 0.012295 0.025455
0 0.489111 0.727663 0.060644 0.082494
0 0.526677 0.715635 0.017515 0.031228
0 0.546374 0.714808 0.026557 0.052402
0 0.576126 0.715067 0.037939 0.059146
0 0.614227 0.730027 0.051364 0.065891
0 0.699451 0.722504 0.053815 0.061222
0 0.757796 0.705642 0.043940 0.077305
0 0.840015 0.725444 0.084634 0.075749
0 0.951206 0.730113 0.081715 0.093389
0 0.410850 0.706640 0.017139 0.030469
