0 0.395930 0.422881 0.027433 0.057590
0 0.375405 0.431750 0.035798 0.060605
0 0.352373 0.447799 0.048234 0.063613
0 0.142882 0.551150 0.123500 0.135984
0 0.639244 0.349524 0.029476 0.057071
0 0.641318 0.354491 0.020075 0.044176
0 0.666038 0.348919 0.033544 0.080188
0 0.475008 0.396021 0.018786 0.021511
0 0.308214 0.472628 0.078599 0.089071
0 0.503386 0.376579 0.037969 0.049737
0 0.704409 0.345921 0.074316 0.091833
0 0.050780 0.603956 0.101561 0.131024
0 0.916569 0.356771 0.166863 0.207791
0 0.545126 0.366934 0.014592 0.020753
0 0.558514 0.360419 0.009850 0.013950
