0 0.180582 0.505754 0.049477 0.065016
0 0.267893 0.496968 0.020528 0.031282
0 0.336623 0.497275 0.023928 0.045657
0 0.427449 0.499321 0.030351 0.048251
0 0.456487 0.497015 0.035313 0.060703
0 0.477792 0.502492 0.048737 0.082494
0 0.505091 0.506046 0.059685 0.081620
0 0.557208 0.516890 0.105153 0.109371
0 0.638810 0.532207 0.135227 0.137206
0 0.060625 0.502282 0.052688 0.082798
0 0.114110 0.500359 0.055450 0.072117
0 0.231682 0.485630 0.059678 0.116217
0 0.301017 0.500763 0.050780 0.067966
0 0.372259 0.493240 0.052531 0.076787
0 0.846346 0.560144 0.306479 0.301627
