0 0.309729 0.490946 0.011959 0.016694
0 0.290596 0.493228 0.011959 0.017008
0 0.275049 0.492165 0.021526 0.023386
0 0.248740 0.494291 0.023917 0.023386
0 0.193906 0.496417 0.024268 0.031890
0 0.172205 0.498543 0.028701 0.036142
0 0.154083 0.502050 0.034455 0.039105
0 0.129139 0.504740 0.025974 0.045138
0 0.100722 0.505000 0.049687 0.051883
0 0.028701 0.514066 0.057402 0.073128
0 0.350468 0.495401 0.019845 0.027498
0 0.383981 0.502060 0.028892 0.043582
0 0.441955 0.519803 0.073112 0.082913
0 0.322227 0.487166 0.012707 0.025291
0 0.007296 0.519008 0.014592 0.052920
