0 0.110505 0.586003 0.219425 0.354805
0 0.501100 0.479868 0.046502 0.104526
0 0.591779 0.441937 0.018721 0.033282
0 0.583487 0.447227 0.023401 0.037442
0 0.657626 0.423009 0.013193 0.019314
0 0.671790 0.425616 0.015136 0.019182
0 0.680962 0.448036 0.024587 0.037059
0 0.788086 0.463753 0.023074 0.045534
0 0.847338 0.488829 0.099456 0.137288
0 0.909937 0.661670 0.177851 0.516251
0 0.555200 0.479073 0.069792 0.092814
0 0.630451 0.496022 0.098884 0.148237
0 0.739490 0.481769 0.102091 0.134933
0 0.347429 0.537833 0.286496 0.323080
