0 0.424163 0.458619 0.034447 0.040827
0 0.483106 0.446371 0.014544 0.021774
0 0.493441 0.442288 0.012248 0.019052
0 0.645775 0.447051 0.024496 0.050353
0 0.658023 0.454536 0.022965 0.048992
0 0.679840 0.455217 0.035978 0.074849
0 0.607270 0.434123 0.013013 0.027218
0 0.281434 0.478735 0.072871 0.087855
0 0.216174 0.493176 0.085581 0.107802
0 0.385735 0.466240 0.048226 0.051714
0 0.468541 0.451626 0.027447 0.033372
0 0.618111 0.439173 0.025203 0.032963
0 0.584446 0.432048 0.022175 0.032322
0 0.722969 0.460096 0.072632 0.093862
0 0.558049 0.433579 0.015310 0.024496
0 0.092555 0.509261 0.175058 0.151885
