0 0.580138 0.544219 0.135213 0.111325
0 0.507147 0.534363 0.017949 0.028930
0 0.493785 0.534646 0.013561 0.028363
0 0.481022 0.533582 0.017550 0.041836
0 0.466065 0.541028 0.038689 0.045381
0 0.424237 0.527348 0.039383 0.033622
0 0.321878 0.517628 0.081367 0.059563
0 0.217140 0.510183 0.096997 0.056017
0 0.112079 0.495292 0.086153 0.067363
0 0.037692 0.477094 0.075384 0.119358
0 0.877486 0.598463 0.023931 0.038290
0 0.830820 0.590309 0.046267 0.043254
0 0.748456 0.574354 0.019544 0.035454
0 0.780763 0.585700 0.053048 0.045381
0 0.709966 0.575418 0.061424 0.046090
0 0.932076 0.657670 0.134842 0.171566
