0 0.563148 0.368699 0.019541 0.031581
0 0.589671 0.387157 0.016752 0.053606
0 0.605794 0.389019 0.032248 0.088599
0 0.620662 0.406143 0.043555 0.078176
0 0.669871 0.418800 0.082504 0.113914
0 0.725860 0.440434 0.126144 0.196699
0 0.864480 0.522436 0.271041 0.401208
0 0.400399 0.399293 0.071460 0.081122
0 0.176393 0.336956 0.254031 0.287061
0 0.101028 0.521077 0.202056 0.346175
0 0.539079 0.356259 0.030320 0.024570
0 0.340698 0.383090 0.059674 0.085285
0 0.583807 0.376734 0.026803 0.059563
0 0.572081 0.374873 0.017590 0.049884
