0 0.429087 0.649680 0.010258 0.024870
0 0.437719 0.653247 0.008490 0.023099
0 0.447356 0.651679 0.013325 0.029296
0 0.456601 0.652551 0.010332 0.033673
0 0.464350 0.655613 0.013776 0.036735
0 0.486735 0.653317 0.041327 0.053571
0 0.207843 0.651894 0.033867 0.068278
0 0.180573 0.653535 0.037873 0.068497
0 0.151109 0.656865 0.036424 0.071170
0 0.116162 0.652198 0.056440 0.087504
0 0.074979 0.652490 0.057426 0.086921
0 0.025267 0.655871 0.050534 0.097660
0 0.531598 0.663225 0.045088 0.106013
0 0.569279 0.669892 0.076817 0.120259
0 0.651167 0.699303 0.164445 0.176020
0 0.358852 0.675353 0.111957 0.140366
0 0.921225 0.671719 0.155770 0.453621
