0 0.312508 0.343961 0.021997 0.028904
0 0.285629 0.342947 0.013490 0.023475
0 0.270008 0.349605 0.022417 0.029991
0 0.166604 0.359263 0.034430 0.052708
0 0.495507 0.358413 0.010520 0.013602
0 0.501245 0.364364 0.014346 0.025504
0 0.513296 0.361814 0.020084 0.034005
0 0.522860 0.366915 0.021997 0.037406
0 0.542253 0.369268 0.021985 0.042002
0 0.557511 0.375101 0.019688 0.050169
0 0.594157 0.366910 0.063215 0.081622
0 0.475136 0.349912 0.011477 0.017003
0 0.466050 0.347362 0.010520 0.015302
0 0.443367 0.342580 0.011060 0.012540
0 0.381409 0.342261 0.015302 0.015302
0 0.366418 0.340905 0.014012 0.015891
0 0.352048 0.343111 0.018171 0.017003
0 0.650867 0.389686 0.079738 0.095671
0 0.244055 0.350692 0.029041 0.037152
0 0.127678 0.361020 0.056427 0.057809
0 0.722835 0.404093 0.125888 0.118653
0 0.403502 0.342941 0.020084 0.022103
0 0.426455 0.344641 0.021997 0.025504
