0 0.401316 0.626530 0.038721 0.042002
0 0.327813 0.630906 0.035439 0.037919
0 0.290241 0.634406 0.032486 0.051919
0 0.181954 0.643448 0.059393 0.080504
0 0.120100 0.647240 0.080723 0.082254
0 0.056112 0.653748 0.112224 0.108906
0 0.562591 0.606427 0.018690 0.029797
0 0.582585 0.619452 0.014169 0.024657
0 0.598384 0.622836 0.025885 0.031113
0 0.627569 0.628572 0.042330 0.048419
0 0.535518 0.614032 0.019048 0.020505
0 0.352845 0.628569 0.026720 0.036745
0 0.677333 0.641648 0.055092 0.079412
0 0.754615 0.655049 0.120317 0.116804
0 0.274982 0.641989 0.012469 0.041419
0 0.221987 0.638198 0.021329 0.060670
