0 0.547167 0.313046 0.013658 0.021853
0 0.532826 0.313046 0.015024 0.021853
0 0.503462 0.319116 0.010926 0.019424
0 0.452038 0.325759 0.017727 0.036660
0 0.398857 0.331225 0.028580 0.050166
0 0.273502 0.332512 0.099126 0.113195
0 0.146519 0.355022 0.163522 0.150499
0 0.367636 0.334930 0.055858 0.060765
0 0.442089 0.331547 0.028942 0.036660
0 0.517120 0.316688 0.013658 0.024281
0 0.461987 0.328010 0.008683 0.033444
0 0.579946 0.310618 0.024584 0.041277
0 0.617312 0.314125 0.033760 0.039119
0 0.702866 0.313046 0.030047 0.050989
0 0.767506 0.310644 0.066205 0.105478
0 0.467775 0.328010 0.008683 0.029585
0 0.474830 0.328653 0.010491 0.024440
0 0.484236 0.326402 0.011215 0.026369
0 0.491653 0.320292 0.007959 0.025726
