0 0.487868 0.386019 0.021594 0.038389
0 0.462675 0.382820 0.023993 0.031991
0 0.439882 0.387085 0.023993 0.036256
0 0.423087 0.391350 0.016795 0.027725
0 0.405937 0.392585 0.020884 0.030194
0 0.372651 0.396328 0.045688 0.039096
0 0.317487 0.396015 0.061724 0.057388
0 0.266533 0.408412 0.049185 0.044787
0 0.220347 0.405213 0.059982 0.059716
0 0.039198 0.417953 0.078396 0.115279
0 0.512443 0.390826 0.015629 0.020243
0 0.526701 0.379365 0.010486 0.016551
0 0.545734 0.396528 0.022161 0.042346
0 0.563735 0.408361 0.017375 0.048951
0 0.582600 0.416411 0.028869 0.047988
0 0.607758 0.426215 0.050018 0.063694
0 0.668674 0.437251 0.076623 0.100902
0 0.720820 0.459008 0.102873 0.133065
0 0.849560 0.491587 0.219535 0.189810
0 0.964472 0.572814 0.071055 0.234201
