0 0.319533 0.399678 0.016343 0.019715
0 0.288598 0.399879 0.033854 0.025423
0 0.239925 0.402646 0.025098 0.026460
0 0.195971 0.402791 0.022472 0.030092
0 0.175347 0.405888 0.019361 0.025397
0 0.945224 0.326661 0.025228 0.035880
0 0.921887 0.326661 0.026490 0.035880
0 0.893276 0.334622 0.031811 0.037874
0 0.861970 0.338995 0.032797 0.047093
0 0.820072 0.349092 0.028017 0.040987
0 0.782425 0.355318 0.050197 0.046176
0 0.600635 0.371350 0.024786 0.035557
0 0.460379 0.383363 0.025390 0.031130
0 0.372891 0.403050 0.045819 0.045138
