0 0.415881 0.453238 0.009560 0.033993
0 0.519681 0.428957 0.015024 0.014568
0 0.166589 0.466135 0.034799 0.034302
0 0.068616 0.474710 0.114287 0.062478
0 0.364528 0.451133 0.025950 0.024281
0 0.532567 0.439657 0.012196 0.018097
0 0.393520 0.460207 0.048834 0.063309
0 0.489430 0.497068 0.105776 0.136594
0 0.548480 0.439709 0.017308 0.032026
0 0.294588 0.494311 0.126105 0.134757
0 0.432457 0.454200 0.021952 0.031258
0 0.765241 0.442246 0.034455 0.024501
0 0.903405 0.443165 0.037900 0.023889
0 0.945116 0.438669 0.042078 0.030431
