0 0.475183 0.485233 0.009182 0.027751
0 0.484825 0.483600 0.019283 0.040810
0 0.490334 0.490946 0.011937 0.035913
0 0.506862 0.481152 0.030302 0.055502
0 0.502730 0.495843 0.012855 0.032648
0 0.516963 0.492579 0.028465 0.052237
0 0.532573 0.499108 0.032138 0.055502
0 0.559201 0.504005 0.035811 0.068561
0 0.602817 0.513800 0.071622 0.094680
0 0.640005 0.522370 0.068867 0.120798
0 0.391900 0.469154 0.009182 0.016324
0 0.194205 0.505230 0.078049 0.060399
0 0.014947 0.560034 0.029893 0.086518
0 0.146064 0.524119 0.118451 0.079988
0 0.255792 0.511876 0.073458 0.075091
0 0.378835 0.474331 0.016528 0.019589
0 0.431633 0.466985 0.015610 0.021221
0 0.763114 0.524002 0.234148 0.238331
0 0.932053 0.611999 0.131307 0.280774
0 0.297199 0.486794 0.029779 0.034412
0 0.403660 0.470912 0.016379 0.018529
