0 0.251898 0.818358 0.083406 0.070738
0 0.172541 0.872838 0.104298 0.085584
0 0.602000 0.800728 0.030380 0.044924
0 0.625942 0.803623 0.033477 0.052629
0 0.658974 0.806202 0.058550 0.077159
0 0.718672 0.809032 0.072207 0.107935
0 0.547865 0.802948 0.030621 0.048580
0 0.457382 0.808205 0.034305 0.062358
0 0.420793 0.818184 0.050550 0.085582
0 0.340954 0.843216 0.134398 0.204206
0 0.775579 0.834253 0.117803 0.112823
0 0.515708 0.812449 0.047871 0.068714
0 0.072494 0.886953 0.142500 0.147769
0 0.560328 0.795188 0.019357 0.037111
