0 0.463999 0.452311 0.012618 0.020393
0 0.454248 0.454350 0.013765 0.024471
0 0.416394 0.458429 0.022942 0.028550
0 0.399762 0.458429 0.017206 0.024471
0 0.386570 0.459449 0.022942 0.026511
0 0.264405 0.454350 0.042442 0.048943
0 0.123886 0.461488 0.050472 0.059139
0 0.075708 0.466586 0.064237 0.057100
0 0.539936 0.459449 0.017206 0.030589
0 0.550260 0.458429 0.021795 0.040785
0 0.569761 0.460468 0.033266 0.048943
0 0.587541 0.470665 0.034413 0.048943
0 0.312091 0.465392 0.067678 0.071375
1 0.026233 0.423150 0.052465 0.152946
0 0.906266 0.442671 0.086032 0.063218
