0 0.307746 0.385158 0.059709 0.068044
0 0.628773 0.428732 0.102010 0.103480
0 0.353543 0.383740 0.032288 0.048898
0 0.381646 0.376299 0.031093 0.046772
0 0.397790 0.368858 0.017938 0.036142
0 0.412738 0.368858 0.021526 0.040394
0 0.424697 0.368858 0.019134 0.036142
0 0.492861 0.379488 0.014350 0.031890
0 0.503624 0.380551 0.021526 0.038268
0 0.514387 0.383740 0.019134 0.044646
0 0.528139 0.384803 0.027505 0.059528
0 0.548469 0.392244 0.039464 0.070157
0 0.575376 0.407126 0.057402 0.074409
0 0.449212 0.378425 0.013155 0.025512
0 0.459377 0.374173 0.009567 0.017008
0 0.434862 0.374173 0.010763 0.025512
