0 0.419749 0.428386 0.011959 0.019134
0 0.410780 0.433701 0.010763 0.021260
0 0.397028 0.431575 0.016742 0.034016
0 0.384471 0.430512 0.017938 0.048898
0 0.374306 0.437953 0.023917 0.063780
0 0.361152 0.439016 0.026309 0.065906
0 0.444663 0.427323 0.010763 0.025512
0 0.451838 0.430512 0.010763 0.027638
0 0.462601 0.434764 0.013155 0.027638
0 0.469776 0.441142 0.013155 0.031890
0 0.489907 0.428386 0.035876 0.070157
0 0.498278 0.442205 0.033484 0.063780
0 0.513226 0.451772 0.029897 0.070157
0 0.320094 0.442205 0.074144 0.097795
0 0.545315 0.459213 0.057402 0.076535
0 0.980269 0.474702 0.035876 0.059528
