0 0.421560 0.350085 0.014587 0.019831
0 0.415554 0.360000 0.016303 0.018305
0 0.412980 0.374491 0.016303 0.025932
0 0.401396 0.381356 0.012013 0.027458
0 0.388954 0.377542 0.018019 0.038136
0 0.371793 0.392034 0.028316 0.057966
0 0.345623 0.400424 0.037754 0.083898
0 0.291308 0.397373 0.081515 0.111356
0 0.088410 0.487730 0.174637 0.275387
0 0.440952 0.384407 0.014587 0.033559
0 0.475274 0.366864 0.014587 0.010678
0 0.479994 0.383644 0.012013 0.016780
0 0.486429 0.391271 0.009439 0.028983
0 0.498013 0.389746 0.015445 0.025932
0 0.519464 0.388983 0.025742 0.030508
0 0.544776 0.398898 0.033464 0.050339
0 0.588108 0.423305 0.075508 0.077797
0 0.935618 0.504152 0.123559 0.236441
0 0.767741 0.468305 0.209364 0.212034
0 0.458414 0.386695 0.023167 0.036610
