0 0.619174 0.502350 0.029252 0.056163
0 0.630290 0.514831 0.023401 0.060324
0 0.644916 0.518991 0.026912 0.085285
0 0.663052 0.530432 0.032762 0.112327
0 0.695229 0.523151 0.059674 0.160170
0 0.785909 0.535632 0.154449 0.251695
0 0.478181 0.522111 0.030422 0.037442
0 0.454779 0.531472 0.025742 0.072804
0 0.427868 0.535632 0.032762 0.085285
0 0.408562 0.540832 0.038612 0.091525
0 0.362344 0.550193 0.079565 0.118567
0 0.296664 0.583475 0.133700 0.151849
0 0.129689 0.622997 0.259378 0.309939
0 0.889461 0.603236 0.218803 0.345301
