0 0.496221 0.529812 0.020059 0.030566
0 0.524877 0.532783 0.020059 0.038208
0 0.537772 0.534057 0.025790 0.045849
0 0.546368 0.534057 0.022925 0.045849
0 0.567144 0.540425 0.053013 0.073868
0 0.675319 0.579906 0.143278 0.178302
0 0.434611 0.518774 0.051580 0.061132
0 0.391628 0.534057 0.040118 0.045849
0 0.362256 0.528963 0.035820 0.056038
0 0.330018 0.527689 0.037252 0.053491
0 0.262677 0.544246 0.103160 0.198679
0 0.117966 0.580331 0.234977 0.311604
0 0.856566 0.688586 0.285124 0.487359
0 0.467565 0.522170 0.031521 0.045849
