0 0.074444 0.619666 0.127958 0.157252
0 0.176101 0.575269 0.089330 0.121588
0 0.263434 0.578645 0.032296 0.051418
0 0.315219 0.557931 0.024577 0.038231
0 0.357267 0.554037 0.028269 0.022529
0 0.723307 0.571367 0.060438 0.071053
0 0.688214 0.561836 0.021446 0.048524
0 0.613154 0.552304 0.025345 0.039859
0 0.598532 0.554904 0.015597 0.034660
0 0.523097 0.553569 0.014847 0.031989
0 0.467446 0.619405 0.128445 0.169787
0 0.569775 0.562702 0.038018 0.050257
0 0.654583 0.573967 0.065312 0.083184
0 0.773023 0.586098 0.091632 0.097048
