0 0.106950 0.739577 0.054296 0.076133
0 0.157422 0.731420 0.069590 0.078852
0 0.043343 0.754532 0.086685 0.108761
0 0.485093 0.665937 0.013765 0.020393
0 0.496946 0.674094 0.009941 0.017674
0 0.503446 0.676133 0.012236 0.019033
0 0.521665 0.683000 0.019662 0.032769
0 0.551241 0.680891 0.029824 0.069335
0 0.583252 0.689425 0.052550 0.074020
0 0.468268 0.668656 0.013765 0.023112
0 0.461768 0.680211 0.016059 0.040785
0 0.449915 0.677492 0.029060 0.046224
0 0.392698 0.712160 0.120552 0.172659
0 0.658686 0.701382 0.100944 0.104487
