0 0.465958 0.572754 0.021446 0.039859
0 0.652634 0.592683 0.026320 0.027728
0 0.622902 0.596149 0.035093 0.045058
0 0.673592 0.590950 0.019496 0.041592
0 0.696500 0.593550 0.034118 0.046791
0 0.788620 0.615212 0.074085 0.058922
0 0.834923 0.593550 0.041917 0.025995
0 0.859293 0.609147 0.065312 0.039859
0 0.395285 0.571887 0.014622 0.027728
0 0.374814 0.580552 0.041917 0.079718
0 0.202760 0.590084 0.074085 0.157702
0 0.116002 0.590950 0.154020 0.135173
0 0.429403 0.580552 0.057514 0.090116
0 0.535170 0.645539 0.157919 0.254750
0 0.293417 0.616079 0.165717 0.240886
0 0.944101 0.617812 0.059463 0.050257
0 0.979682 0.618678 0.038992 0.055456
0 0.060925 0.550225 0.067262 0.071053
0 0.010723 0.548492 0.021446 0.077985
