0 0.409219 0.402187 0.031641 0.050625
0 0.561094 0.414375 0.067500 0.086250
0 0.278437 0.408750 0.033750 0.037500
0 0.030731 0.435937 0.061172 0.106875
0 0.078192 0.423750 0.052734 0.090000
0 0.124598 0.423750 0.042187 0.075000
0 0.302840 0.404062 0.016875 0.031875
0 0.318661 0.402187 0.016875 0.028125
0 0.331844 0.399375 0.009492 0.022500
0 0.338700 0.390937 0.014766 0.020625
0 0.348719 0.387187 0.009492 0.016875
0 0.357157 0.387187 0.009492 0.016875
0 0.363485 0.387187 0.007383 0.020625
0 0.528016 0.406875 0.017930 0.060000
0 0.514305 0.400312 0.028477 0.058125
0 0.494266 0.398437 0.015820 0.039375
0 0.449969 0.388125 0.015820 0.022500
0 0.439422 0.385312 0.011602 0.028125
0 0.429403 0.380625 0.008437 0.026250
