0 0.534244 0.430823 0.101250 0.137288
0 0.484048 0.409467 0.030032 0.076271
0 0.466887 0.404891 0.031748 0.085424
0 0.447581 0.392688 0.029174 0.042712
0 0.432565 0.398027 0.016303 0.032034
0 0.423555 0.374382 0.027458 0.033559
0 0.323592 0.397264 0.014587 0.027458
0 0.312009 0.395738 0.013729 0.024407
0 0.298709 0.398027 0.014587 0.028983
0 0.286696 0.402603 0.011155 0.022881
0 0.277258 0.404128 0.012871 0.019831
0 0.263100 0.403366 0.017161 0.027458
0 0.243794 0.408705 0.021451 0.025932
0 0.219768 0.405654 0.028316 0.035085
0 0.185875 0.416332 0.039470 0.038136
0 0.148121 0.414806 0.032606 0.041186
0 0.020432 0.424939 0.040865 0.073220
0 0.066177 0.429516 0.048909 0.054915
0 0.369498 0.387567 0.025742 0.032034
0 0.393953 0.383753 0.023167 0.036610
0 0.348905 0.389855 0.015445 0.021356
