0 0.390011 0.406495 0.016059 0.026511
0 0.404637 0.407515 0.021221 0.042825
0 0.412093 0.411594 0.020074 0.046903
0 0.366496 0.399868 0.021795 0.023452
0 0.438450 0.421913 0.053913 0.066276
0 0.335030 0.397251 0.016059 0.020393
0 0.264828 0.401329 0.020648 0.026511
0 0.240452 0.404898 0.030398 0.035687
0 0.184531 0.420702 0.043589 0.046903
0 0.093384 0.428633 0.043589 0.069335
0 0.065280 0.431692 0.045884 0.075453
0 0.028136 0.438518 0.054487 0.076473
0 0.578022 0.424843 0.023850 0.025440
0 0.475468 0.423147 0.022896 0.025440
