0 0.505900 0.325814 0.010518 0.026177
0 0.512736 0.328619 0.011569 0.028047
0 0.526935 0.327684 0.027346 0.044875
0 0.565324 0.334011 0.072572 0.109885
0 0.820115 0.364145 0.053640 0.069183
0 0.906027 0.354796 0.063493 0.054224
0 0.436220 0.323944 0.009466 0.014958
0 0.429910 0.325814 0.009466 0.018698
0 0.423599 0.331423 0.009466 0.022438
0 0.301068 0.344512 0.075727 0.093490
0 0.208250 0.368498 0.147247 0.143191
0 0.399569 0.325814 0.038069 0.044875
0 0.460674 0.321139 0.027346 0.028047
0 0.647888 0.378168 0.140937 0.179501
0 0.028398 0.423979 0.056795 0.233726
