0 0.459676 0.463507 0.017995 0.029858
0 0.447080 0.463507 0.016795 0.029858
0 0.435683 0.465639 0.017995 0.034123
0 0.420688 0.468839 0.021594 0.036256
0 0.397295 0.465639 0.041988 0.059716
0 0.376901 0.478436 0.037189 0.051185
0 0.243686 0.505307 0.119167 0.124582
0 0.073559 0.527031 0.147118 0.296610
0 0.502263 0.458175 0.014396 0.027725
0 0.528656 0.463507 0.021594 0.038389
0 0.539452 0.474170 0.023993 0.034123
0 0.564045 0.479502 0.041988 0.057583
0 0.622828 0.523222 0.065980 0.123697
0 0.706203 0.541768 0.153554 0.197505
0 0.829166 0.514692 0.087574 0.072512
