0 0.293417 0.208826 0.107229 0.133440
1 0.435252 0.162901 0.039967 0.086650
0 0.394797 0.175032 0.013647 0.031194
0 0.411369 0.176765 0.007798 0.020796
0 0.974808 0.155969 0.048740 0.110911
0 0.876840 0.173299 0.104304 0.117843
0 0.812502 0.174166 0.047766 0.074519
0 0.698937 0.163768 0.056539 0.057189
0 0.673592 0.161168 0.021446 0.045058
0 0.058976 0.193229 0.036068 0.046791
0 0.108204 0.197561 0.033143 0.041592
0 0.151095 0.191496 0.035093 0.029461
0 0.221281 0.187163 0.029244 0.027728
0 0.561977 0.167234 0.024370 0.036393
0 0.522010 0.166367 0.010723 0.020796
0 0.610717 0.163768 0.030219 0.032927
