0 0.211744 0.385884 0.122701 0.138814
0 0.334874 0.377495 0.135572 0.183051
0 0.457565 0.313475 0.044638 0.033559
0 0.528364 0.351562 0.069502 0.103729
1 0.489752 0.313427 0.026600 0.051864
0 0.441701 0.465969 0.191345 0.277627
0 0.694397 0.298935 0.027458 0.032034
0 0.647633 0.308088 0.019735 0.022881
0 0.619318 0.307325 0.007722 0.021356
0 0.630043 0.306562 0.018877 0.028983
1 0.550440 0.301652 0.023167 0.028983
0 0.563739 0.311568 0.010297 0.018305
0 0.573178 0.308517 0.008581 0.015254
0 0.606213 0.303178 0.007722 0.010678
0 0.609216 0.311568 0.012013 0.012203
