0 0.396749 0.552187 0.009492 0.016875
0 0.405714 0.553125 0.008437 0.018750
0 0.416788 0.555000 0.011602 0.022500
0 0.423116 0.561562 0.013711 0.035625
0 0.432608 0.565312 0.017930 0.046875
0 0.302355 0.556875 0.014766 0.037500
0 0.283898 0.558750 0.024258 0.037500
0 0.251730 0.559687 0.040078 0.043125
0 0.151534 0.577500 0.050625 0.082500
0 0.067159 0.565312 0.132891 0.166875
0 0.333468 0.578437 0.060117 0.080625
0 0.481124 0.598125 0.100195 0.138750
0 0.696808 0.629062 0.141328 0.114375
0 0.882433 0.773437 0.232031 0.369375
