0 0.055307 0.690123 0.110615 0.331750
0 0.194054 0.620565 0.174534 0.212298
0 0.303520 0.601512 0.059709 0.106149
0 0.356340 0.596069 0.050523 0.076210
0 0.392318 0.587223 0.027558 0.053075
0 0.416432 0.578377 0.025261 0.040827
0 0.436334 0.578377 0.013013 0.035383
0 0.451262 0.571573 0.018372 0.029940
0 0.457318 0.576723 0.010237 0.019907
0 0.471277 0.580473 0.018613 0.030608
0 0.481499 0.583821 0.022199 0.048992
0 0.490625 0.592813 0.014544 0.054435
0 0.501534 0.592441 0.020453 0.061269
0 0.527116 0.591640 0.059561 0.072797
