0 0.441681 0.459241 0.015595 0.021327
0 0.427286 0.458175 0.008398 0.019194
0 0.415289 0.459241 0.013196 0.021327
0 0.399694 0.462440 0.017995 0.027725
0 0.385596 0.470924 0.015939 0.037982
0 0.351126 0.476912 0.042010 0.068286
0 0.306125 0.485948 0.063589 0.091802
0 0.258136 0.495497 0.097171 0.115166
0 0.454120 0.454094 0.006269 0.009586
0 0.479421 0.460396 0.007297 0.010487
0 0.486378 0.462283 0.009017 0.018880
0 0.496325 0.465917 0.011996 0.019194
0 0.506801 0.469513 0.011499 0.020543
0 0.513810 0.470462 0.009573 0.026706
0 0.529557 0.474375 0.032995 0.043063
0 0.533378 0.481445 0.025857 0.047732
0 0.542681 0.483815 0.020854 0.054636
0 0.555276 0.493030 0.025602 0.075244
0 0.591173 0.500680 0.067698 0.096997
0 0.634069 0.523953 0.102310 0.117188
0 0.380246 0.475218 0.017453 0.041371
0 0.366926 0.471952 0.017147 0.048992
