0 0.400252 0.450232 0.017302 0.025672
0 0.384934 0.452552 0.020394 0.044787
0 0.371143 0.459933 0.013677 0.041194
0 0.360705 0.456398 0.016795 0.051185
0 0.339112 0.454265 0.040788 0.063981
0 0.319318 0.467061 0.053984 0.063981
0 0.262335 0.469194 0.064781 0.106635
0 0.191556 0.488388 0.134360 0.140758
0 0.437710 0.448746 0.010052 0.027350
0 0.452277 0.454436 0.023118 0.039254
0 0.465276 0.463683 0.018948 0.038869
0 0.488972 0.469827 0.042131 0.064092
0 0.522487 0.483601 0.053682 0.077935
0 0.590437 0.490521 0.099570 0.196208
0 0.689408 0.527843 0.194342 0.245260
0 0.861557 0.662203 0.274718 0.471327
0 0.411814 0.448840 0.011641 0.023283
