0 0.442948 0.640090 0.024751 0.029087
0 0.396744 0.639812 0.010968 0.013344
0 0.381012 0.636911 0.014929 0.021864
0 0.366617 0.635553 0.016215 0.024580
0 0.348265 0.634715 0.020143 0.026857
0 0.325101 0.634715 0.028200 0.030438
0 0.297873 0.632029 0.032156 0.042971
0 0.278773 0.633820 0.022157 0.042971
0 0.253595 0.632925 0.026185 0.059085
0 0.223381 0.640086 0.034242 0.069828
0 0.180578 0.647248 0.051364 0.069828
0 0.096483 0.646353 0.128912 0.093103
0 0.563626 0.655832 0.060757 0.065510
0 0.638318 0.670524 0.088627 0.098475
0 0.778309 0.688429 0.187326 0.170093
0 0.407766 0.639354 0.010314 0.014261
0 0.468120 0.642410 0.011841 0.016298
0 0.476714 0.643768 0.009932 0.017656
0 0.480916 0.643768 0.006112 0.017656
0 0.485309 0.643768 0.008022 0.023089
0 0.490657 0.643089 0.011077 0.023089
0 0.502689 0.643768 0.020627 0.036670
0 0.516249 0.648522 0.021009 0.040745
0 0.521979 0.650219 0.015661 0.034633
0 0.534585 0.648861 0.020245 0.050931
