0 0.364028 0.424899 0.010802 0.015768
0 0.385677 0.425027 0.012770 0.018959
0 0.425204 0.424804 0.013903 0.015957
0 0.440189 0.423878 0.005920 0.016660
0 0.304287 0.427966 0.017117 0.021130
0 0.283400 0.429160 0.020487 0.021853
0 0.268135 0.431767 0.012466 0.022726
0 0.245335 0.431608 0.038667 0.039138
0 0.189844 0.435230 0.046437 0.043705
0 0.066240 0.447370 0.088776 0.072842
0 0.576142 0.449320 0.070696 0.069616
0 0.452783 0.425186 0.022767 0.030139
0 0.314623 0.425885 0.012610 0.018394
0 0.373147 0.421574 0.008730 0.014370
2 0.385596 0.406628 0.012933 0.028166
