0 0.398551 0.537959 0.014502 0.023437
0 0.384712 0.537558 0.015820 0.035156
0 0.464903 0.533672 0.017139 0.030469
0 0.480723 0.544218 0.022412 0.042187
0 0.493247 0.546562 0.015820 0.051562
0 0.511700 0.543488 0.037799 0.071982
0 0.524859 0.561831 0.023813 0.057105
0 0.560254 0.562583 0.064600 0.105469
0 0.623243 0.585552 0.122882 0.148293
0 0.347319 0.558337 0.014895 0.037612
0 0.337681 0.550078 0.015820 0.053906
0 0.312194 0.552421 0.044824 0.077344
0 0.284161 0.570387 0.042377 0.078934
0 0.374736 0.545454 0.028402 0.035341
0 0.216498 0.581037 0.121076 0.130843
0 0.027117 0.594609 0.054234 0.227344
0 0.840635 0.637968 0.317724 0.328125
