0 0.435255 0.472595 0.023389 0.034651
0 0.433306 0.498930 0.022610 0.026335
0 0.355653 0.490614 0.026353 0.042967
0 0.338189 0.496158 0.024169 0.065144
0 0.314800 0.498237 0.042881 0.077618
0 0.411185 0.479877 0.020072 0.038127
0 0.820400 0.477446 0.040542 0.027721
0 0.708131 0.469130 0.028067 0.030493
0 0.750232 0.464279 0.012474 0.026335
0 0.251648 0.514176 0.120845 0.145534
0 0.782582 0.480856 0.038612 0.027042
0 0.052068 0.636518 0.104136 0.307858
0 0.379603 0.483706 0.030360 0.035692
1 0.393314 0.462377 0.020567 0.040045
