0 0.115481 0.525001 0.010634 0.013867
0 0.130363 0.535319 0.010388 0.018663
0 0.136847 0.546279 0.012229 0.016523
0 0.143806 0.554402 0.014228 0.025707
0 0.147852 0.566321 0.015670 0.027858
1 0.176418 0.554767 0.043422 0.071858
0 0.184081 0.575274 0.025449 0.044774
0 0.190719 0.575231 0.024034 0.046601
0 0.213843 0.575360 0.046777 0.062013
0 0.098623 0.542972 0.015761 0.017830
0 0.103224 0.556318 0.016869 0.021876
0 0.076415 0.559529 0.034387 0.025472
0 0.063224 0.580132 0.018191 0.030760
0 0.050220 0.586704 0.016384 0.041635
0 0.032280 0.588609 0.026833 0.054779
0 0.016338 0.596669 0.022955 0.047137
0 0.006597 0.599494 0.012238 0.062678
0 0.269132 0.584420 0.076714 0.086840
0 0.495390 0.627985 0.250966 0.211543
0 0.094513 0.581124 0.028729 0.037254
