0 0.646620 0.459087 0.102474 0.149547
0 0.470963 0.448543 0.009177 0.017674
0 0.461786 0.453981 0.009177 0.025831
0 0.452610 0.451942 0.010706 0.021752
0 0.443433 0.450583 0.009177 0.024471
0 0.426991 0.456021 0.026765 0.032628
0 0.407108 0.466897 0.019118 0.021752
0 0.372696 0.467577 0.046648 0.047583
0 0.334842 0.473694 0.038236 0.057100
0 0.530612 0.450583 0.009177 0.016314
0 0.540936 0.451942 0.009941 0.021752
0 0.550877 0.447864 0.006883 0.040785
0 0.559672 0.451262 0.012236 0.036707
0 0.521053 0.448543 0.005353 0.014955
0 0.578025 0.447864 0.042825 0.062538
0 0.268339 0.473138 0.088708 0.089728
0 0.078686 0.527519 0.152946 0.171299
0 0.771912 0.494891 0.210300 0.236556
0 0.501078 0.450544 0.019118 0.029909
