0 0.325156 0.499606 0.056206 0.072283
0 0.279713 0.503858 0.065773 0.085039
0 0.566721 0.496417 0.010763 0.010630
1 0.587370 0.487276 0.022721 0.041669
0 0.214658 0.524746 0.104040 0.095988
0 0.400316 0.499518 0.035876 0.035256
0 0.530068 0.493760 0.025113 0.034016
0 0.610739 0.492077 0.038168 0.050138
0 0.467883 0.502264 0.015546 0.021260
0 0.477450 0.501201 0.010763 0.019134
0 0.512728 0.493760 0.009567 0.012756
0 0.499573 0.498012 0.011959 0.012756
0 0.556277 0.492520 0.008371 0.021260
0 0.545514 0.490394 0.008371 0.021260
0 0.018137 0.707244 0.034680 0.178583
0 0.950754 0.458221 0.051103 0.041953
0 0.450124 0.489827 0.014350 0.025512
