0 0.298872 0.563424 0.012474 0.012474
0 0.310177 0.559959 0.007017 0.016632
0 0.273144 0.564117 0.009356 0.013860
0 0.264178 0.568968 0.010135 0.012474
0 0.235721 0.579363 0.007796 0.016632
0 0.224806 0.582135 0.012474 0.016632
0 0.196349 0.590452 0.016373 0.016632
0 0.157367 0.599461 0.019491 0.020791
0 0.133198 0.610549 0.016373 0.020791
0 0.116825 0.609856 0.014813 0.016632
0 0.098503 0.607777 0.018711 0.023563
0 0.281590 0.580056 0.013254 0.020791
0 0.251184 0.581442 0.016373 0.018018
0 0.221947 0.602233 0.020271 0.020791
0 0.244947 0.629723 0.027288 0.047125
0 0.261709 0.639194 0.031186 0.048511
0 0.057832 0.672459 0.113049 0.131673
0 0.393469 0.599923 0.010915 0.012474
0 0.385673 0.602695 0.007796 0.018018
0 0.413740 0.605467 0.009356 0.012474
0 0.433231 0.622099 0.018711 0.026335
0 0.516263 0.626257 0.017932 0.037423
0 0.375927 0.604081 0.017932 0.023563
0 0.403994 0.623485 0.019491 0.031879
0 0.536144 0.635960 0.024949 0.034651
0 0.473773 0.655364 0.090439 0.123357
0 0.795117 0.641504 0.095896 0.062372
