0 0.656315 0.425414 0.103206 0.130485
0 0.490397 0.410960 0.017152 0.040195
0 0.509109 0.414425 0.021830 0.038809
0 0.523922 0.418583 0.018711 0.033265
0 0.536786 0.427592 0.022610 0.048511
0 0.566412 0.422741 0.036643 0.058214
0 0.607734 0.422741 0.064711 0.102567
0 0.332129 0.417197 0.018711 0.027721
0 0.344993 0.414425 0.011695 0.022177
0 0.353959 0.415118 0.010915 0.020791
2 0.459698 0.398584 0.031186 0.041581
0 0.389530 0.409475 0.012474 0.016632
0 0.414479 0.406703 0.007796 0.011088
0 0.425784 0.406703 0.013254 0.011088
0 0.403954 0.408089 0.008576 0.013860
