0 0.448260 0.662445 0.022036 0.041237
0 0.431443 0.664507 0.018557 0.041237
0 0.408351 0.666347 0.028995 0.057732
0 0.378790 0.678076 0.041032 0.077362
0 0.337971 0.679530 0.070114 0.102286
0 0.267352 0.693398 0.097288 0.154071
0 0.182088 0.734610 0.169330 0.235052
0 0.059149 0.771723 0.118299 0.329897
0 0.509150 0.661414 0.023196 0.039175
0 0.532925 0.665538 0.031314 0.063918
0 0.555541 0.681002 0.044072 0.082474
0 0.569459 0.693373 0.037113 0.098969
0 0.617590 0.708033 0.110180 0.135628
0 0.910521 0.813991 0.177448 0.364949
0 0.474936 0.664507 0.010438 0.024742
0 0.487073 0.663901 0.013658 0.019424
