0 0.264300 0.496894 0.060812 0.070688
0 0.723121 0.478876 0.128642 0.123357
0 0.629174 0.480955 0.095117 0.091478
0 0.562514 0.479569 0.055355 0.074846
0 0.524312 0.485806 0.031965 0.056827
0 0.511058 0.473331 0.036643 0.067916
0 0.486499 0.472638 0.043660 0.060986
0 0.321742 0.465708 0.020271 0.024949
0 0.340843 0.466401 0.019491 0.029107
0 0.382944 0.465708 0.019491 0.019405
0 0.406333 0.467787 0.024169 0.020791
0 0.056662 0.480262 0.023389 0.020791
0 0.089018 0.480955 0.019491 0.019405
0 0.071086 0.479569 0.014813 0.019405
