0 0.411987 0.505312 0.019775 0.009375
0 0.483178 0.515859 0.009229 0.025781
0 0.491089 0.520547 0.011865 0.030469
0 0.498340 0.519375 0.015820 0.042187
0 0.510205 0.517031 0.023730 0.046875
0 0.531958 0.526406 0.046143 0.065625
0 0.550415 0.531093 0.046143 0.056250
0 0.344092 0.539297 0.031641 0.072656
0 0.330249 0.561562 0.038232 0.089062
1 0.619810 0.565078 0.116016 0.128906
0 0.679136 0.601640 0.087012 0.119531
0 0.430625 0.492656 0.011865 0.018750
0 0.377891 0.507890 0.017139 0.025781
0 0.462925 0.526640 0.034277 0.049219
0 0.405576 0.560625 0.069873 0.098437
0 0.573008 0.622734 0.133154 0.157031
0 0.762852 0.639140 0.170068 0.152344
0 0.280332 0.595781 0.106787 0.145312
