0 0.482042 0.590084 0.014622 0.012131
0 0.444025 0.603081 0.016572 0.020796
0 0.474731 0.600482 0.011698 0.012131
0 0.512749 0.603081 0.015597 0.013864
0 0.525421 0.597882 0.017547 0.017330
0 0.515673 0.616945 0.013647 0.017330
0 0.537119 0.603081 0.025345 0.051990
0 0.600482 0.617812 0.033143 0.050257
0 0.458160 0.594416 0.023395 0.041592
0 0.480093 0.606547 0.014622 0.017330
0 0.502026 0.590950 0.007798 0.017330
0 0.561489 0.608280 0.046791 0.065854
0 0.330460 0.617812 0.083833 0.102247
0 0.282207 0.595283 0.028269 0.060655
0 0.215433 0.593550 0.025345 0.057189
