0 0.535129 0.339925 0.011890 0.015939
0 0.524896 0.343044 0.014813 0.022177
0 0.513786 0.340965 0.015593 0.036037
0 0.494295 0.349974 0.024949 0.056827
0 0.261961 0.390862 0.176200 0.196817
0 0.019987 0.568232 0.039975 0.170482
0 0.548481 0.343737 0.013254 0.013860
0 0.561735 0.338886 0.013254 0.018018
0 0.574599 0.337500 0.010915 0.020791
0 0.585514 0.336114 0.010915 0.026335
0 0.599158 0.341658 0.016373 0.034651
0 0.612801 0.345816 0.010915 0.031879
0 0.634242 0.350667 0.031965 0.055441
0 0.727721 0.347618 0.083266 0.185174
0 0.768964 0.364943 0.078744 0.184897
0 0.844668 0.374923 0.148133 0.239784
0 0.939551 0.422048 0.118974 0.331263
0 0.123592 0.458699 0.245978 0.202062
