0 0.407104 0.472397 0.043271 0.061822
0 0.435922 0.449696 0.016419 0.016419
0 0.431817 0.472500 0.016419 0.029189
0 0.519043 0.467027 0.071833 0.109459
0 0.563169 0.478885 0.024628 0.067500
0 0.583692 0.483446 0.034890 0.076622
0 0.627305 0.471588 0.060545 0.100338
0 0.671431 0.501689 0.099540 0.102162
0 0.687337 0.512635 0.067728 0.094865
0 0.778154 0.529054 0.183687 0.160541
0 0.323555 0.478885 0.046178 0.067500
0 0.101387 0.510811 0.055414 0.138649
0 0.039816 0.519932 0.077990 0.153243
0 0.475430 0.516284 0.101592 0.142297
0 0.205130 0.459780 0.190673 0.299089
