0 0.562939 0.365390 0.068555 0.082031
0 0.484497 0.366797 0.051416 0.072656
0 0.411987 0.362109 0.046143 0.063281
0 0.322658 0.355666 0.069789 0.104218
0 0.451538 0.356250 0.022412 0.042187
0 0.839794 0.375000 0.079102 0.084375
0 0.779809 0.372656 0.054053 0.070312
0 0.629846 0.356836 0.032959 0.046875
0 0.064656 0.360899 0.061059 0.044124
0 0.909008 0.674789 0.181933 0.339422
0 0.367323 0.349462 0.022333 0.047146
0 0.145394 0.346981 0.036290 0.034739
0 0.710337 0.371795 0.039780 0.034739
2 0.199829 0.322167 0.039082 0.037221
