0 0.454977 0.546313 0.047802 0.053417
0 0.429710 0.560708 0.013658 0.026709
0 0.416052 0.560708 0.024584 0.031565
0 0.379349 0.566684 0.040354 0.062468
0 0.350655 0.571497 0.037331 0.065992
0 0.317032 0.574063 0.053266 0.087410
0 0.274077 0.579306 0.055997 0.106835
0 0.193429 0.588631 0.142041 0.145684
0 0.520534 0.557066 0.036876 0.048561
0 0.574392 0.554855 0.039294 0.090509
0 0.602699 0.562602 0.051524 0.118851
0 0.678334 0.559734 0.144877 0.194724
0 0.777301 0.592273 0.132481 0.216097
0 0.902954 0.621410 0.192575 0.303507
0 0.025813 0.619155 0.050534 0.087410
0 0.553204 0.542575 0.033904 0.084384
