0 0.983581 0.552824 0.029244 0.110911
0 0.396259 0.482638 0.030219 0.039859
0 0.358008 0.484371 0.023395 0.029461
0 0.328744 0.485653 0.034118 0.039859
0 0.255887 0.486971 0.067262 0.069320
0 0.146221 0.495636 0.116977 0.110911
0 0.423700 0.461585 0.013823 0.038819
0 0.443050 0.473107 0.026320 0.055456
0 0.469370 0.489570 0.024370 0.039859
0 0.536632 0.493903 0.020471 0.065854
0 0.551254 0.496502 0.026320 0.067587
0 0.565389 0.505167 0.037043 0.077985
0 0.648247 0.511233 0.040942 0.083184
0 0.817793 0.537579 0.087591 0.104683
0 0.725968 0.540771 0.119454 0.159280
0 0.606818 0.519898 0.084808 0.103980
0 0.501051 0.501701 0.054589 0.084917
