0 0.501147 0.336907 0.012758 0.016495
0 0.515644 0.340000 0.013918 0.014433
0 0.474472 0.338969 0.019716 0.016495
0 0.448956 0.346186 0.012758 0.014433
0 0.369510 0.358557 0.018557 0.026804
0 0.339936 0.364742 0.042912 0.047423
0 0.273088 0.376994 0.057492 0.063678
0 0.428312 0.349278 0.022036 0.024742
0 0.397806 0.354737 0.023652 0.031536
0 0.533273 0.337938 0.016237 0.022680
0 0.547191 0.342062 0.016237 0.022680
0 0.558209 0.345155 0.012758 0.028866
0 0.575026 0.347217 0.034794 0.049485
0 0.605412 0.359588 0.048711 0.053608
1 0.840620 0.414860 0.250517 0.244153
0 0.982693 0.352577 0.031314 0.152577
