0 0.565779 0.439852 0.040856 0.041659
0 0.636276 0.423651 0.021982 0.037303
0 0.701223 0.397895 0.015987 0.021316
0 0.658758 0.441180 0.052956 0.056842
0 0.735694 0.405888 0.014988 0.019539
0 0.542841 0.448789 0.054930 0.052052
0 0.934531 0.449408 0.028976 0.039079
0 0.497391 0.465395 0.049959 0.085263
0 0.332027 0.471612 0.056953 0.072829
0 0.599806 0.425428 0.020983 0.033750
0 0.197399 0.491303 0.024370 0.046791
0 0.458647 0.444512 0.038018 0.046791
0 0.760777 0.427640 0.049836 0.030376
0 0.292930 0.450578 0.071161 0.051990
