0 0.467565 0.309906 0.014328 0.020377
0 0.505631 0.311387 0.019302 0.035214
0 0.418134 0.312029 0.024357 0.028019
0 0.386613 0.313302 0.030088 0.035660
0 0.352226 0.315849 0.038685 0.040755
0 0.322138 0.315849 0.035820 0.035660
0 0.291333 0.315849 0.025790 0.040755
0 0.262677 0.317123 0.037252 0.048396
0 0.222559 0.323491 0.045849 0.056038
0 0.168113 0.329859 0.074505 0.078962
0 0.071400 0.354057 0.141846 0.219057
0 0.595731 0.312016 0.021629 0.046672
0 0.611385 0.312647 0.016999 0.048235
0 0.691796 0.304703 0.032954 0.054556
0 0.643712 0.320697 0.067524 0.078760
0 0.486203 0.319583 0.020518 0.031539
0 0.447246 0.326721 0.032759 0.041279
0 0.446074 0.311604 0.028656 0.030566
0 0.549975 0.314393 0.074153 0.112560
0 0.827387 0.390100 0.343482 0.339788
0 0.959727 0.235189 0.078803 0.066226
