0 0.243637 0.492715 0.022037 0.031016
0 0.215631 0.487001 0.032138 0.055502
0 0.179820 0.482920 0.039484 0.070193
0 0.139877 0.496796 0.071622 0.081620
0 0.069159 0.515715 0.103760 0.094680
0 0.399613 0.481397 0.020201 0.027751
0 0.421191 0.485478 0.021119 0.032648
0 0.457002 0.478132 0.052339 0.066929
0 0.479040 0.496905 0.054175 0.078356
0 0.505642 0.507888 0.063305 0.097058
0 0.559792 0.520504 0.089068 0.130593
0 0.705592 0.520193 0.244383 0.281862
0 0.870439 0.562908 0.256371 0.471765
0 0.370115 0.477874 0.013958 0.028536
