0 0.546391 0.609486 0.025682 0.027498
0 0.571725 0.616079 0.014622 0.022529
0 0.586347 0.616945 0.024370 0.020796
0 0.618516 0.624474 0.022422 0.047329
0 0.649572 0.623119 0.050197 0.065372
0 0.731425 0.643673 0.090994 0.098316
0 0.918875 0.703150 0.162249 0.155257
0 0.496177 0.609147 0.023395 0.039859
0 0.426966 0.610880 0.017547 0.019063
0 0.409907 0.611746 0.012673 0.020796
0 0.397234 0.615212 0.018521 0.024262
0 0.381150 0.617812 0.015597 0.025995
0 0.360191 0.617812 0.022421 0.032927
0 0.332023 0.620908 0.039766 0.042586
0 0.295126 0.626233 0.034611 0.043813
0 0.239842 0.628521 0.042970 0.050880
0 0.268574 0.628167 0.031811 0.046875
0 0.196162 0.637317 0.042440 0.052838
0 0.142809 0.650738 0.069211 0.077985
0 0.052640 0.678466 0.105279 0.084917
0 0.684348 0.631013 0.065614 0.098165
