0 0.447598 0.485979 0.015839 0.012514
0 0.448038 0.509444 0.016719 0.028158
0 0.429623 0.495104 0.012319 0.023465
0 0.383543 0.504683 0.013431 0.036364
0 0.366204 0.509790 0.023595 0.042492
0 0.289694 0.527528 0.042194 0.078926
0 0.241319 0.534212 0.075674 0.082908
0 0.181672 0.559801 0.075298 0.090285
0 0.072814 0.545944 0.145188 0.222132
0 0.474375 0.495505 0.011338 0.031597
0 0.510227 0.529009 0.016854 0.043037
0 0.521208 0.532550 0.022063 0.047940
0 0.553825 0.536089 0.051036 0.079780
0 0.613660 0.561118 0.079193 0.148610
0 0.702092 0.596315 0.155747 0.184589
0 0.914365 0.627142 0.169140 0.310318
0 0.483874 0.500681 0.022370 0.039768
0 0.484793 0.514028 0.013177 0.033776
0 0.497970 0.515662 0.026660 0.041402
0 0.507929 0.528192 0.019612 0.045761
