0 0.012549 0.506747 0.025098 0.049498
0 0.083113 0.519803 0.027505 0.027638
0 0.338430 0.488977 0.052618 0.055276
0 0.390430 0.497297 0.015588 0.042153
0 0.163285 0.517913 0.138624 0.123481
0 0.532759 0.492165 0.010763 0.014882
0 0.523192 0.491102 0.010763 0.012756
0 0.510169 0.492359 0.011027 0.014495
0 0.498078 0.494291 0.013155 0.010630
0 0.487572 0.493244 0.011276 0.012788
0 0.475357 0.494291 0.013155 0.010630
0 0.463398 0.494291 0.010763 0.010630
0 0.453831 0.492165 0.013155 0.010630
0 0.444264 0.495354 0.010763 0.017008
0 0.417396 0.500241 0.043129 0.052292
0 0.608793 0.494781 0.043246 0.056424
0 0.570428 0.496417 0.011959 0.023386
0 0.584067 0.490270 0.017711 0.035682
