0 0.625554 0.524735 0.019156 0.024595
0 0.585904 0.514913 0.014813 0.026335
0 0.569531 0.526694 0.022610 0.038809
0 0.552769 0.539168 0.018711 0.027721
0 0.526651 0.550256 0.035084 0.047125
0 0.656851 0.534317 0.014813 0.029107
0 0.670428 0.551852 0.018091 0.043514
0 0.689811 0.553277 0.033954 0.057716
0 0.710803 0.564116 0.041633 0.069303
0 0.747290 0.571047 0.067829 0.097023
0 0.779877 0.587473 0.075941 0.099382
0 0.878271 0.591838 0.172302 0.196817
0 0.940247 0.668070 0.119506 0.252259
0 0.504041 0.535010 0.011695 0.033265
0 0.488058 0.541940 0.017152 0.038809
0 0.477143 0.547484 0.017152 0.041581
0 0.455887 0.547597 0.034715 0.057987
0 0.432677 0.549190 0.018801 0.063694
0 0.368170 0.561634 0.109504 0.117005
1 0.119286 0.533499 0.238572 0.205133
0 0.157827 0.595273 0.262842 0.223211
0 0.422745 0.550451 0.016673 0.072523
0 0.016318 0.692134 0.032636 0.138110
