0 0.279039 0.426507 0.034798 0.042043
0 0.453837 0.380506 0.009466 0.009349
0 0.446552 0.388797 0.007208 0.015205
0 0.581627 0.402009 0.027346 0.018698
0 0.611602 0.400139 0.028398 0.022438
0 0.637370 0.406683 0.023139 0.020568
0 0.712046 0.399204 0.037864 0.035526
0 0.759375 0.402009 0.039967 0.033657
0 0.662087 0.406683 0.015776 0.028047
0 0.838784 0.398269 0.072572 0.052355
0 0.790297 0.405748 0.035760 0.037396
0 0.683543 0.406683 0.022087 0.031787
0 0.948989 0.389855 0.102021 0.091621
0 0.414176 0.414928 0.026690 0.035436
0 0.191534 0.497756 0.213834 0.206454
0 0.455280 0.393507 0.007095 0.013814
