0 0.009917 0.617534 0.019834 0.108622
0 0.975630 0.802307 0.048740 0.138639
0 0.861243 0.715726 0.215433 0.162901
0 0.555153 0.645539 0.073111 0.102247
0 0.444452 0.616302 0.054711 0.085364
0 0.269388 0.602437 0.045523 0.046347
0 0.649522 0.627079 0.082483 0.055984
0 0.702836 0.618678 0.052640 0.048524
0 0.493881 0.618001 0.024652 0.029840
0 0.483505 0.617812 0.015597 0.025995
2 0.321906 0.587445 0.047229 0.065933
0 0.351011 0.603276 0.024979 0.037736
0 0.383605 0.604396 0.024333 0.037290
0 0.405165 0.604396 0.018785 0.037290
