0 0.079898 0.697263 0.159797 0.275537
0 0.920985 0.816624 0.158030 0.361781
0 0.190676 0.638993 0.147462 0.183278
0 0.276819 0.638327 0.065712 0.104249
0 0.786179 0.711500 0.295009 0.298989
0 0.619504 0.656118 0.120255 0.160813
0 0.556361 0.656013 0.040794 0.087028
1 0.327575 0.596688 0.065372 0.119849
0 0.362596 0.627039 0.018678 0.040469
0 0.376020 0.624964 0.017510 0.038393
0 0.423623 0.633582 0.064789 0.090795
0 0.518680 0.629421 0.045761 0.075046
0 0.487520 0.628596 0.017802 0.042544
0 0.471323 0.631190 0.012257 0.029054
0 0.493503 0.633006 0.014592 0.047213
