0 0.399553 0.457347 0.010697 0.012930
0 0.378899 0.463869 0.010752 0.013468
0 0.365983 0.464887 0.010608 0.018221
0 0.329485 0.490437 0.029244 0.048524
0 0.306090 0.493903 0.029244 0.058922
0 0.213970 0.504301 0.043866 0.051990
0 0.263686 0.495636 0.057514 0.062388
0 0.472443 0.457705 0.007501 0.010875
0 0.481871 0.463472 0.009550 0.012903
0 0.491612 0.470572 0.012987 0.021792
0 0.500421 0.478112 0.011412 0.023009
0 0.460732 0.454508 0.009045 0.010459
0 0.444129 0.452248 0.008638 0.012263
0 0.603462 0.494770 0.059769 0.032929
0 0.676864 0.489630 0.043601 0.035958
0 0.772577 0.483565 0.046713 0.042526
0 0.032412 0.490437 0.064337 0.053723
0 0.509526 0.486513 0.019176 0.029296
0 0.636464 0.491525 0.031182 0.028334
