0 0.876964 0.504472 0.042358 0.052698
0 0.451764 0.458653 0.018082 0.023858
0 0.488939 0.477038 0.026191 0.040059
0 0.376644 0.444637 0.016525 0.026948
0 0.368381 0.453859 0.014825 0.024892
0 0.360145 0.459715 0.018120 0.036605
0 0.339143 0.457519 0.032121 0.035141
0 0.337496 0.502177 0.074949 0.048319
0 0.196542 0.482638 0.048823 0.050257
0 0.185950 0.609101 0.186961 0.200596
0 0.052948 0.556900 0.105895 0.134336
0 0.058701 0.723273 0.115306 0.335304
0 0.892202 0.698381 0.212493 0.294306
0 0.357372 0.704752 0.289308 0.368545
0 0.406682 0.437715 0.011236 0.020983
0 0.781796 0.519031 0.116977 0.109178
0 0.396514 0.449445 0.014858 0.023937
0 0.469120 0.462883 0.007622 0.021558
0 0.473277 0.466579 0.009008 0.030181
0 0.478648 0.469351 0.014898 0.032029
