0 0.371820 0.454752 0.037264 0.046219
0 0.329580 0.462840 0.019485 0.033123
0 0.307956 0.467318 0.027895 0.036735
0 0.276445 0.470073 0.030995 0.038571
0 0.257672 0.479937 0.024645 0.043607
0 0.233569 0.481093 0.034094 0.045918
0 0.203607 0.486603 0.027895 0.049592
0 0.139034 0.483848 0.105383 0.088163
0 0.505852 0.455733 0.023114 0.031932
0 0.525290 0.459971 0.026862 0.055102
0 0.539237 0.467318 0.023763 0.062449
0 0.575688 0.467023 0.074094 0.087923
0 0.493144 0.454752 0.012132 0.030812
0 0.489678 0.452826 0.011266 0.030042
0 0.479712 0.451285 0.012999 0.022339
0 0.471046 0.449745 0.010399 0.017717
0 0.460647 0.448204 0.012132 0.020798
