0 0.054576 0.476221 0.056206 0.042520
0 0.268636 0.462402 0.049031 0.040394
0 0.193297 0.470906 0.037072 0.036142
0 0.390842 0.449544 0.045477 0.044850
0 0.540321 0.459272 0.008912 0.021378
0 0.557966 0.459159 0.022102 0.024137
0 0.338770 0.450763 0.025422 0.025932
0 0.513453 0.450565 0.023139 0.024307
0 0.546024 0.460771 0.009625 0.018378
0 0.572764 0.460742 0.011229 0.012643
0 0.586613 0.460076 0.011229 0.012643
0 0.598029 0.463404 0.021335 0.016636
0 0.612066 0.461407 0.011229 0.013974
0 0.631155 0.462405 0.022458 0.017301
0 0.661661 0.468727 0.013101 0.015305
