0 0.027669 0.549567 0.055010 0.167953
0 0.112576 0.465591 0.224823 0.242362
0 0.241729 0.453898 0.086102 0.121181
0 0.672103 0.429357 0.083711 0.112677
0 0.770912 0.430596 0.157854 0.159449
0 0.900652 0.478347 0.193730 0.276378
0 0.438765 0.370285 0.011394 0.017736
0 0.424967 0.379999 0.018030 0.024926
0 0.400350 0.384584 0.008872 0.026403
0 0.393362 0.387116 0.008625 0.027994
0 0.375643 0.389842 0.035829 0.039842
0 0.452473 0.367241 0.010110 0.012615
0 0.456461 0.408276 0.028254 0.076170
0 0.514985 0.441142 0.123174 0.176457
0 0.408155 0.378155 0.013475 0.020628
