0 0.530981 0.417432 0.018493 0.038177
0 0.548939 0.418351 0.014764 0.026067
0 0.575644 0.411526 0.041948 0.061727
0 0.442939 0.408355 0.033347 0.076965
0 0.352834 0.426425 0.033347 0.045763
0 0.305037 0.426425 0.025742 0.037442
0 0.275200 0.422785 0.040952 0.046803
0 0.242438 0.430065 0.046803 0.046803
0 0.194056 0.433316 0.054174 0.051223
0 0.080793 0.447226 0.157842 0.123247
0 0.398409 0.427985 0.076055 0.087365
0 0.486164 0.420705 0.086585 0.131048
0 0.582311 0.426468 0.039632 0.052385
0 0.159714 0.437606 0.024571 0.059284
0 0.851412 0.554224 0.294049 0.362199
0 0.540640 0.419280 0.009904 0.027144
1 0.898754 0.340980 0.132117 0.088460
