0 0.466005 0.496907 0.034794 0.074227
0 0.475622 0.505074 0.029712 0.070429
0 0.368003 0.470103 0.012758 0.016495
0 0.300851 0.478351 0.023196 0.037113
0 0.317512 0.471475 0.019406 0.027487
0 0.284613 0.484536 0.027835 0.049485
0 0.270696 0.483505 0.018557 0.047423
0 0.250979 0.487629 0.032474 0.072165
0 0.221405 0.489691 0.061469 0.084536
0 0.186611 0.513402 0.059149 0.070103
0 0.146946 0.513402 0.049871 0.078351
0 0.068428 0.514433 0.136856 0.138144
0 0.527822 0.501856 0.100902 0.152577
1 0.384356 0.452990 0.022732 0.055670
0 0.398621 0.463299 0.008119 0.026804
0 0.405580 0.469485 0.017397 0.030928
0 0.438750 0.463918 0.028995 0.045361
