0 0.398303 0.367344 0.012882 0.019035
0 0.375571 0.395813 0.050112 0.071226
0 0.343775 0.377120 0.012643 0.027430
0 0.314317 0.371482 0.051346 0.058669
0 0.263961 0.381721 0.023299 0.030205
0 0.277141 0.376376 0.017152 0.034241
0 0.246051 0.385015 0.017206 0.028550
0 0.216800 0.380937 0.048178 0.048943
0 0.523302 0.375767 0.017409 0.037530
0 0.533831 0.379298 0.017313 0.063740
1 0.613121 0.309970 0.154857 0.301813
1 0.815625 0.390521 0.365922 0.573036
0 0.105382 0.441503 0.210764 0.393580
0 0.458901 0.432475 0.154857 0.218202
