0 0.515115 0.793998 0.022641 0.036690
0 0.552933 0.791790 0.018478 0.034415
0 0.492859 0.782772 0.006761 0.020494
0 0.487177 0.786215 0.010655 0.017230
0 0.456206 0.801828 0.009598 0.018448
0 0.446254 0.802933 0.017508 0.024701
0 0.425411 0.806185 0.022530 0.026647
0 0.337162 0.811984 0.024460 0.038246
0 0.302934 0.813197 0.051036 0.062572
0 0.588778 0.798023 0.014959 0.023465
0 0.592637 0.797330 0.010006 0.024580
0 0.618967 0.798893 0.023862 0.043351
0 0.646872 0.812162 0.016060 0.054782
0 0.710994 0.824107 0.048826 0.088776
0 0.775578 0.826334 0.109359 0.128801
0 0.866086 0.853869 0.163666 0.162688
0 0.950390 0.865984 0.098214 0.201031
0 0.498276 0.780042 0.006111 0.016296
0 0.602413 0.799219 0.014473 0.025183
0 0.627972 0.806335 0.033565 0.037226
0 0.571158 0.777868 0.008622 0.014234
0 0.565307 0.777594 0.008622 0.012591
0 0.572697 0.782795 0.007391 0.014234
0 0.577009 0.785806 0.011702 0.018066
0 0.674179 0.810940 0.057268 0.071866
0 0.464569 0.798694 0.010694 0.017111
0 0.344878 0.808368 0.018058 0.031211
