0 0.767563 0.536709 0.014241 0.037131
0 0.782468 0.531645 0.025063 0.033755
0 0.668354 0.539240 0.043671 0.059072
0 0.855759 0.524894 0.017089 0.027004
0 0.940726 0.524994 0.010445 0.017076
0 0.834873 0.525738 0.028481 0.032067
0 0.977753 0.529114 0.021835 0.021941
0 0.992468 0.536709 0.013291 0.023629
0 0.726171 0.537553 0.084494 0.096202
0 0.949272 0.529114 0.018038 0.015190
0 0.961614 0.522363 0.010443 0.011814
0 0.802120 0.519831 0.035127 0.037131
0 0.891075 0.524985 0.020928 0.021838
0 0.920156 0.524388 0.023408 0.027177
