0 0.484311 0.485718 0.010559 0.023465
0 0.472432 0.491976 0.020238 0.032851
0 0.455713 0.502144 0.020238 0.053187
0 0.419636 0.519380 0.055435 0.118829
0 0.358921 0.530664 0.104711 0.229983
0 0.520827 0.487283 0.014959 0.020336
0 0.533586 0.491976 0.017598 0.026593
0 0.543266 0.494322 0.015839 0.031286
0 0.558664 0.495104 0.020238 0.042236
0 0.573623 0.501362 0.027278 0.054751
0 0.584182 0.506837 0.020238 0.059444
0 0.598261 0.513094 0.030797 0.075087
0 0.633018 0.517787 0.070394 0.087601
0 0.664255 0.537702 0.099431 0.100958
0 0.783045 0.581914 0.166306 0.175184
0 0.899987 0.657166 0.195343 0.300659
0 0.031347 0.803274 0.062695 0.242468
0 0.183244 0.582288 0.366049 0.460637
