0 0.570057 0.365547 0.018932 0.039266
0 0.636845 0.384245 0.024191 0.043006
0 0.665347 0.403878 0.056795 0.086011
0 0.738971 0.425381 0.090452 0.117798
0 0.858740 0.425320 0.058195 0.082693
0 0.930287 0.461493 0.136730 0.241904
0 0.591619 0.381441 0.036812 0.056094
0 0.534297 0.369287 0.035760 0.043006
0 0.453522 0.355263 0.025242 0.044875
0 0.422284 0.361808 0.032605 0.054224
0 0.391783 0.359003 0.028398 0.059834
0 0.360230 0.361808 0.032605 0.069183
0 0.490273 0.369688 0.056795 0.089751
0 0.181621 0.415535 0.360756 0.350647
