0 0.017937 0.589031 0.035300 0.200510
0 0.101020 0.512500 0.199745 0.231123
0 0.416135 0.458419 0.010332 0.019898
0 0.403221 0.464541 0.018941 0.026020
0 0.386001 0.465306 0.022385 0.039796
0 0.452296 0.463266 0.010332 0.021429
0 0.461767 0.463266 0.012054 0.027551
0 0.469946 0.467092 0.014636 0.035204
0 0.551308 0.500510 0.056824 0.104082
0 0.623199 0.521174 0.136894 0.191327
0 0.764828 0.535204 0.180804 0.224490
0 0.891534 0.635715 0.214381 0.420408
0 0.431202 0.460970 0.016358 0.022959
0 0.490609 0.464796 0.031856 0.052041
0 0.353285 0.470408 0.046492 0.064286
0 0.265466 0.497704 0.087819 0.099490
