0 0.936557 0.370812 0.062629 0.078351
0 0.882046 0.379059 0.044072 0.041237
0 0.759688 0.389013 0.059149 0.060395
0 0.677923 0.409987 0.037113 0.045361
0 0.632691 0.419266 0.034794 0.043299
0 0.611235 0.433699 0.033634 0.039175
0 0.585139 0.433699 0.027835 0.039175
0 0.558464 0.436791 0.032474 0.049485
0 0.513812 0.432668 0.070747 0.070103
0 0.367678 0.445039 0.112500 0.111340
0 0.190809 0.513080 0.245876 0.214433
0 0.441905 0.445039 0.042912 0.057732
0 0.836235 0.386276 0.024356 0.035052
0 0.989223 0.390400 0.019509 0.039175
