0 0.088100 0.592164 0.176200 0.295960
0 0.929478 0.456997 0.133818 0.241837
0 0.386398 0.498253 0.207999 0.228750
0 0.584734 0.386288 0.009356 0.012474
0 0.576158 0.393912 0.012474 0.019405
0 0.563684 0.395298 0.014034 0.016632
0 0.549650 0.401535 0.024949 0.026335
0 0.512617 0.414702 0.053796 0.063758
0 0.622001 0.380051 0.015593 0.036037
0 0.646950 0.391832 0.037423 0.048511
0 0.674237 0.404307 0.029627 0.073460
0 0.704644 0.401535 0.046779 0.131673
0 0.779100 0.419553 0.127082 0.164938
0 0.844668 0.463213 0.163726 0.177413
