0 0.538033 0.499389 0.007017 0.018018
0 0.545830 0.504933 0.011695 0.026335
0 0.556355 0.507012 0.012474 0.041581
0 0.563762 0.516714 0.013254 0.047125
0 0.576236 0.536119 0.027288 0.099795
0 0.539203 0.520179 0.015593 0.026335
0 0.479950 0.504240 0.095117 0.088706
0 0.409782 0.507705 0.024949 0.034651
0 0.332207 0.583937 0.074066 0.134446
0 0.387952 0.557602 0.024949 0.056827
0 0.075080 0.560790 0.130201 0.141376
0 0.225551 0.600292 0.237792 0.297998
0 0.456716 0.643260 0.183996 0.284137
0 0.645391 0.560097 0.145014 0.195431
2 0.863068 0.478183 0.272876 0.285524
0 0.078354 0.675000 0.156709 0.371458
0 0.878271 0.645893 0.240910 0.268891
