0 0.484058 0.528976 0.010531 0.018721
0 0.498099 0.537296 0.017551 0.022881
0 0.513310 0.559138 0.015211 0.041602
0 0.536126 0.575779 0.051483 0.070724
0 0.560113 0.549777 0.015211 0.022881
0 0.591119 0.572658 0.056163 0.064484
0 0.482303 0.556017 0.018721 0.039522
0 0.459487 0.548737 0.026912 0.049923
0 0.433160 0.551857 0.032762 0.064484
0 0.412099 0.571618 0.049143 0.074884
0 0.627860 0.567458 0.014041 0.033282
0 0.664132 0.576819 0.030422 0.043683
0 0.687533 0.585139 0.021061 0.047843
0 0.724975 0.593460 0.053823 0.068644
