0 0.471296 0.633557 0.010135 0.018018
0 0.389823 0.637715 0.015593 0.034651
0 0.376569 0.637715 0.015593 0.042967
0 0.495465 0.638408 0.016373 0.030493
0 0.359806 0.638408 0.047558 0.049897
0 0.453884 0.647048 0.021050 0.023563
0 0.415681 0.638732 0.039762 0.037423
0 0.520803 0.635082 0.031186 0.047125
0 0.556277 0.637161 0.047558 0.098409
0 0.583565 0.644091 0.041321 0.106725
0 0.629954 0.647048 0.102913 0.187115
0 0.268328 0.636422 0.050677 0.087320
0 0.234413 0.649589 0.056134 0.102567
0 0.157618 0.653747 0.117726 0.160780
0 0.060033 0.672921 0.120065 0.217608
0 0.782472 0.684009 0.304062 0.314630
