0 0.526972 0.504975 0.009564 0.010202
0 0.536058 0.504125 0.010520 0.011902
0 0.545144 0.508376 0.007651 0.017003
0 0.552316 0.511776 0.010520 0.017003
0 0.559968 0.512626 0.008608 0.018703
0 0.569053 0.515177 0.011477 0.023804
0 0.583877 0.523678 0.014346 0.034005
0 0.598702 0.533029 0.015302 0.025504
0 0.624524 0.533879 0.034430 0.037406
0 0.657041 0.540680 0.028692 0.068010
0 0.692428 0.550882 0.045907 0.088413
0 0.514061 0.504975 0.012433 0.017003
0 0.502106 0.510926 0.009564 0.025504
0 0.484891 0.506675 0.028692 0.040806
0 0.461937 0.518577 0.009564 0.017003
0 0.449026 0.537280 0.014346 0.051008
0 0.428464 0.527928 0.032517 0.093514
0 0.379210 0.537280 0.075555 0.115617
0 0.205624 0.519427 0.032517 0.049307
0 0.122418 0.584887 0.068860 0.078212
0 0.169281 0.574685 0.022953 0.068010
0 0.063122 0.589138 0.017215 0.011902
0 0.019606 0.596789 0.039212 0.091814
0 0.266833 0.582337 0.166412 0.192129
0 0.732118 0.556833 0.100421 0.096914
