0 0.493773 0.427177 0.007489 0.010651
0 0.502760 0.427842 0.008987 0.009320
0 0.509125 0.430505 0.008238 0.014645
0 0.512870 0.431171 0.008238 0.015976
0 0.519610 0.432502 0.011233 0.021302
0 0.525601 0.434499 0.011233 0.025296
0 0.537583 0.436496 0.014229 0.029290
0 0.555182 0.446481 0.025462 0.035947
0 0.577649 0.449810 0.041938 0.045266
0 0.478046 0.431836 0.011982 0.014645
0 0.464566 0.433833 0.008987 0.013314
0 0.454831 0.432502 0.011982 0.023964
0 0.445469 0.436496 0.011233 0.023964
0 0.434611 0.440585 0.014978 0.033284
0 0.422254 0.440585 0.014229 0.033284
0 0.409897 0.444579 0.017973 0.030621
0 0.396417 0.448573 0.020969 0.035947
0 0.367959 0.451617 0.046431 0.057249
0 0.246639 0.486898 0.101849 0.109172
0 0.140297 0.514856 0.125814 0.151775
0 0.041264 0.536139 0.081629 0.230325
0 0.682164 0.454260 0.104096 0.149112
0 0.784762 0.495532 0.210438 0.226331
