0 0.485942 0.616945 0.010723 0.017330
0 0.500076 0.614346 0.013647 0.039859
0 0.518110 0.615212 0.028269 0.058922
0 0.530783 0.624744 0.032169 0.074519
0 0.552716 0.629942 0.033143 0.091849
0 0.591708 0.631675 0.079934 0.109178
0 0.609255 0.645539 0.068237 0.109178
0 0.668718 0.652471 0.109178 0.175032
0 0.841747 0.606547 0.309014 0.471374
0 0.437689 0.618678 0.025345 0.038126
0 0.423554 0.616079 0.018521 0.053723
0 0.400159 0.621278 0.049715 0.077985
0 0.366528 0.635141 0.046791 0.091849
0 0.321687 0.636008 0.081884 0.114377
0 0.209096 0.668068 0.227130 0.185430
