0 0.401869 0.499558 0.017397 0.020619
0 0.384472 0.503682 0.019716 0.032990
0 0.366495 0.515022 0.020876 0.047423
0 0.346199 0.516053 0.019716 0.065979
0 0.327642 0.512960 0.024356 0.080412
0 0.291108 0.501620 0.062629 0.111340
0 0.202384 0.518115 0.149613 0.202062
0 0.077126 0.611929 0.154253 0.303093
0 0.434923 0.512960 0.013918 0.022680
0 0.483634 0.523270 0.030155 0.055670
0 0.504510 0.541826 0.025515 0.068041
0 0.534665 0.549043 0.053351 0.090722
0 0.582796 0.570692 0.086985 0.113402
0 0.716918 0.651105 0.211083 0.311340
0 0.896604 0.779971 0.202964 0.383505
