0 0.423761 0.722648 0.032757 0.042353
0 0.392493 0.729265 0.032757 0.055588
0 0.369414 0.738530 0.037224 0.058235
0 0.353184 0.753089 0.044669 0.082059
0 0.289903 0.768971 0.102739 0.140294
0 0.049136 0.811324 0.071471 0.156177
0 0.148897 0.810001 0.202500 0.238235
0 0.447883 0.720000 0.023824 0.031765
0 0.470962 0.723971 0.031268 0.045000
0 0.505953 0.757059 0.032757 0.074118
0 0.482129 0.734559 0.038713 0.050294
0 0.491807 0.749118 0.028290 0.063529
0 0.529032 0.761030 0.069982 0.097941
0 0.548090 0.776912 0.049136 0.097941
0 0.614350 0.798089 0.157831 0.187941
0 0.012656 0.862942 0.025313 0.190588
0 0.781263 0.827206 0.326085 0.341471
