0 0.083684 0.527716 0.037299 0.057383
0 0.046146 0.525803 0.046385 0.058659
0 0.404554 0.512626 0.020562 0.018703
0 0.423681 0.510926 0.018650 0.025504
0 0.378253 0.514751 0.018650 0.024654
0 0.359364 0.516451 0.021041 0.028054
0 0.330911 0.516451 0.037777 0.038256
0 0.290504 0.521977 0.042081 0.032305
0 0.523146 0.524528 0.040647 0.064610
0 0.539883 0.499874 0.016259 0.020403
0 0.013459 0.523701 0.026301 0.075661
0 0.608504 0.529203 0.048298 0.054408
0 0.561163 0.511351 0.030126 0.032305
0 0.466002 0.538130 0.081771 0.133470
