0 0.155088 0.446953 0.051416 0.053906
0 0.275059 0.453984 0.067236 0.077344
0 0.311973 0.439922 0.022412 0.030469
0 0.340318 0.438750 0.021094 0.028125
0 0.398326 0.435234 0.026367 0.035156
0 0.445786 0.442265 0.021094 0.025781
0 0.456992 0.432890 0.017139 0.016406
0 0.467539 0.427031 0.011865 0.018750
0 0.491270 0.427031 0.014502 0.018750
0 0.478745 0.438750 0.018457 0.028125
0 0.424693 0.451640 0.034277 0.049219
0 0.375913 0.464531 0.055371 0.075000
0 0.209800 0.462187 0.084375 0.098437
0 0.069964 0.544218 0.139927 0.309375
