0 0.013518 0.410267 0.027036 0.049897
0 0.041069 0.408881 0.034304 0.036037
0 0.112044 0.423039 0.126357 0.072671
0 0.231693 0.389476 0.019491 0.024949
0 0.296793 0.374230 0.051457 0.033265
0 0.256252 0.385318 0.024949 0.022177
0 0.401266 0.346509 0.017152 0.016632
0 0.384113 0.353439 0.014034 0.013860
0 0.365012 0.357597 0.011695 0.016632
0 0.353317 0.358290 0.010135 0.018018
0 0.337725 0.365221 0.017932 0.020791
0 0.181406 0.395713 0.026508 0.029107
0 0.548879 0.354825 0.032745 0.027721
0 0.525099 0.361062 0.017932 0.029107
0 0.461558 0.374923 0.029627 0.023563
