0 0.429710 0.412597 0.013658 0.016996
0 0.447294 0.406093 0.012292 0.014568
0 0.452757 0.410949 0.015024 0.019424
0 0.475293 0.415805 0.016389 0.029137
0 0.482804 0.420661 0.017755 0.029137
0 0.493048 0.421875 0.021853 0.036421
0 0.506706 0.423089 0.019121 0.033993
0 0.561337 0.430374 0.027316 0.053417
0 0.611871 0.432802 0.090142 0.082554
0 0.619383 0.452226 0.064192 0.058273
0 0.647381 0.454654 0.084679 0.087410
0 0.758010 0.454654 0.204868 0.160252
0 0.794545 0.472865 0.170723 0.152968
0 0.847810 0.482577 0.187112 0.162680
0 0.927708 0.482577 0.142041 0.186961
0 0.390614 0.417626 0.010926 0.021853
0 0.401540 0.416412 0.010926 0.014568
0 0.411784 0.420054 0.015024 0.021853
0 0.376956 0.420054 0.024584 0.031565
0 0.363298 0.424910 0.038242 0.036421
0 0.320959 0.434623 0.032779 0.031565
0 0.305935 0.440693 0.043705 0.033993
0 0.295009 0.439479 0.051900 0.031565
0 0.279986 0.441907 0.043705 0.041277
0 0.256084 0.440693 0.077850 0.048561
0 0.235598 0.444335 0.083313 0.055845
0 0.202819 0.458903 0.102434 0.060701
0 0.120872 0.461331 0.157065 0.084982
0 0.092873 0.478328 0.144773 0.089838
0 0.065558 0.492896 0.131115 0.123831
0 0.025950 0.506250 0.051900 0.116547
0 0.532997 0.456475 0.073752 0.089838
