0 0.329515 0.451777 0.014396 0.023460
0 0.315119 0.454976 0.021594 0.029858
0 0.292326 0.452843 0.031191 0.042654
0 0.262934 0.467772 0.058783 0.063981
0 0.212549 0.494431 0.063581 0.083175
0 0.148368 0.499763 0.093572 0.136493
0 0.015808 0.597867 0.029991 0.140758
0 0.071785 0.537085 0.143570 0.168483
0 0.393096 0.448578 0.011996 0.025592
0 0.402693 0.450711 0.019194 0.046919
0 0.432684 0.450711 0.057583 0.089573
0 0.496265 0.461374 0.086374 0.136493
0 0.564045 0.500829 0.118765 0.189810
0 0.766185 0.512559 0.376688 0.383886
0 0.353508 0.453910 0.038389 0.061848
