0 0.584885 0.525963 0.040942 0.074519
0 0.538581 0.519898 0.010723 0.045058
0 0.526884 0.522497 0.012673 0.053723
0 0.516161 0.526829 0.018521 0.062388
0 0.503001 0.531162 0.027295 0.081451
0 0.491303 0.545026 0.027295 0.098781
0 0.434277 0.542426 0.094556 0.155969
0 0.361541 0.587342 0.150346 0.197845
0 0.159868 0.604814 0.315838 0.398588
0 0.631675 0.532028 0.017547 0.034660
0 0.646298 0.535494 0.029244 0.045058
0 0.662869 0.538094 0.044841 0.071053
0 0.685777 0.550225 0.049715 0.091849
0 0.754989 0.610880 0.166692 0.199294
0 0.614725 0.520678 0.021635 0.034739
