1 0.064153 0.351789 0.123717 0.120954
0 0.130768 0.370128 0.061943 0.075453
0 0.199823 0.379305 0.036707 0.065257
2 0.257287 0.397458 0.103479 0.114601
0 0.315909 0.406835 0.034413 0.067296
0 0.339425 0.391541 0.026383 0.032628
0 0.380605 0.404796 0.043589 0.046903
0 0.564272 0.455423 0.020843 0.054351
0 0.785606 0.500742 0.097577 0.108281
0 0.350437 0.435793 0.079149 0.079532
0 0.423647 0.433804 0.047542 0.042725
0 0.586623 0.469093 0.045884 0.065954
0 0.972734 0.539015 0.050472 0.103584
0 0.529933 0.436890 0.019134 0.040394
0 0.509006 0.440079 0.020330 0.038268
0 0.477128 0.433701 0.041033 0.059528
