0 0.086431 0.513361 0.171154 0.121403
0 0.661893 0.475561 0.101068 0.084652
0 0.967487 0.466014 0.045754 0.050989
0 0.887362 0.455088 0.068059 0.067986
0 0.813532 0.467228 0.054556 0.048561
0 0.290104 0.484224 0.057955 0.072842
0 0.218934 0.498793 0.055521 0.063130
0 0.361197 0.486652 0.043258 0.048561
0 0.330007 0.485438 0.027316 0.055845
0 0.433124 0.485438 0.023218 0.026709
0 0.498682 0.483010 0.012292 0.021853
0 0.477512 0.483010 0.013658 0.016996
0 0.453611 0.484224 0.017755 0.019424
0 0.464537 0.479368 0.012292 0.019424
0 0.544435 0.479368 0.027316 0.019424
0 0.926067 0.460109 0.021446 0.039859
