0 0.669752 0.433572 0.034389 0.058641
0 0.599569 0.434196 0.032986 0.044917
0 0.556056 0.427334 0.028775 0.038678
0 0.491137 0.440434 0.026669 0.037431
0 0.395303 0.429205 0.011229 0.013725
0 0.453905 0.421095 0.010527 0.017468
0 0.271782 0.430453 0.016844 0.031192
0 0.296697 0.429205 0.034389 0.033688
0 0.337402 0.429829 0.024564 0.009982
0 0.469696 0.422343 0.012633 0.019963
0 0.436360 0.460397 0.055444 0.086091
0 0.524790 0.445425 0.047022 0.071118
0 0.637082 0.446673 0.066673 0.073614
0 0.995013 0.499700 0.008422 0.074861
