0 0.880593 0.529272 0.238815 0.421987
0 0.056634 0.464901 0.085478 0.067947
0 0.118985 0.463750 0.043249 0.041639
0 0.147148 0.463113 0.019110 0.039338
0 0.257282 0.466689 0.038220 0.032185
0 0.221074 0.465795 0.032185 0.030397
0 0.300029 0.458642 0.031180 0.033974
0 0.339255 0.462555 0.029168 0.027495
0 0.475540 0.466689 0.024139 0.042914
1 0.576119 0.466689 0.056325 0.082252
0 0.534882 0.466689 0.020116 0.035762
0 0.371440 0.459536 0.025145 0.017881
2 0.361885 0.438973 0.034197 0.033974
0 0.422233 0.480645 0.078452 0.140166
0 0.508228 0.474735 0.045261 0.066159
0 0.626324 0.483946 0.080294 0.091733
