0 0.282779 0.532165 0.016381 0.018721
0 0.251772 0.532165 0.022231 0.018721
0 0.348303 0.528005 0.014041 0.014561
0 0.337187 0.541526 0.022231 0.033282
0 0.396276 0.502003 0.011701 0.012481
0 0.400956 0.512404 0.011701 0.016641
0 0.337772 0.500963 0.011701 0.014561
0 0.031214 0.494723 0.021061 0.022881
0 0.072752 0.495763 0.033932 0.020801
0 0.122480 0.488483 0.016381 0.014561
0 0.141201 0.484322 0.018721 0.018721
0 0.181568 0.472882 0.015211 0.012481
0 0.152316 0.472882 0.015211 0.012481
0 0.154071 0.464561 0.018721 0.012481
0 0.180398 0.463521 0.012871 0.014561
0 0.010342 0.505124 0.020683 0.018721
0 0.385745 0.478082 0.009361 0.014561
0 0.414997 0.497843 0.011701 0.012481
0 0.414997 0.514484 0.018721 0.020801
0 0.437228 0.536325 0.028082 0.035362
