0 0.532589 0.482589 0.012871 0.016641
0 0.514246 0.483421 0.010531 0.016641
0 0.503130 0.480301 0.011701 0.014561
0 0.487334 0.481341 0.019891 0.020801
0 0.470368 0.479261 0.014041 0.016641
0 0.451647 0.493822 0.042123 0.045763
0 0.418885 0.491741 0.018721 0.024961
0 0.404844 0.495902 0.018721 0.024961
0 0.341075 0.521903 0.118177 0.143529
0 0.546423 0.485501 0.011701 0.020801
0 0.554028 0.483421 0.005850 0.024961
0 0.558709 0.484461 0.008190 0.027042
0 0.565144 0.484461 0.011701 0.027042
0 0.574504 0.484461 0.016381 0.027042
0 0.589715 0.490701 0.021061 0.039522
0 0.612532 0.495902 0.040952 0.058243
0 0.709648 0.537504 0.106476 0.104006
0 0.882233 0.525023 0.234014 0.445147
0 0.216024 0.521963 0.128708 0.118567
