0 0.438501 0.394047 0.019204 0.028451
0 0.461707 0.395469 0.019204 0.025606
0 0.482111 0.390490 0.013603 0.021338
0 0.501716 0.395469 0.016004 0.022761
0 0.276464 0.406850 0.039209 0.039831
0 0.226452 0.405427 0.036809 0.039831
0 0.192044 0.406138 0.032007 0.035564
0 0.148034 0.420364 0.043210 0.041254
2 0.524121 0.386934 0.014403 0.028451
0 0.539725 0.396892 0.016804 0.025606
0 0.570132 0.401871 0.031207 0.044099
0 0.599338 0.415385 0.036809 0.068282
0 0.644949 0.429610 0.088020 0.122339
0 0.798734 0.416096 0.085119 0.081085
0 0.879803 0.524921 0.239255 0.318651
