0 0.322383 0.490937 0.052734 0.065625
0 0.382500 0.484375 0.029531 0.041250
0 0.422578 0.478750 0.042187 0.067500
0 0.463183 0.482500 0.020039 0.033750
0 0.485859 0.480625 0.025312 0.037500
0 0.356908 0.486693 0.021041 0.049636
0 0.282832 0.498437 0.020039 0.046875
0 0.503437 0.480625 0.016875 0.030000
0 0.447539 0.483437 0.010547 0.031875
0 0.229922 0.506875 0.097031 0.097500
0 0.521015 0.485312 0.025312 0.031875
0 0.636740 0.489744 0.060253 0.070738
0 0.678691 0.478750 0.036914 0.048750
0 0.709277 0.470312 0.034805 0.046875
0 0.127765 0.600774 0.255531 0.294144
0 0.590833 0.485157 0.031561 0.062909
