0 0.427941 0.493903 0.009748 0.017330
0 0.419167 0.499102 0.007798 0.017330
0 0.410394 0.501701 0.009748 0.022529
0 0.400159 0.499968 0.014622 0.039859
0 0.383099 0.499102 0.031194 0.055456
0 0.367990 0.514699 0.030219 0.058922
0 0.352880 0.519898 0.029244 0.062388
0 0.314863 0.511233 0.066287 0.124775
0 0.234441 0.532028 0.151095 0.187163
0 0.095044 0.595761 0.190088 0.434023
0 0.464983 0.489570 0.013647 0.019063
0 0.475219 0.493903 0.012673 0.031194
0 0.487891 0.498235 0.014622 0.036393
0 0.503488 0.501701 0.030219 0.067587
0 0.543943 0.500835 0.056539 0.152503
1 0.693088 0.538960 0.259299 0.311939
1 0.857990 0.583901 0.283013 0.579053
