0 0.293969 0.642746 0.019984 0.020568
0 0.265045 0.652095 0.014725 0.020568
0 0.246113 0.658640 0.018932 0.026177
0 0.216138 0.663314 0.041019 0.043006
0 0.169334 0.670793 0.046278 0.057964
0 0.092030 0.689959 0.087297 0.093490
0 0.012095 0.725485 0.024191 0.078532
0 0.392309 0.627320 0.010518 0.028047
0 0.403878 0.630125 0.010518 0.026177
0 0.420181 0.634799 0.024191 0.031787
0 0.454889 0.637604 0.038915 0.074792
0 0.482235 0.650693 0.017880 0.074792
0 0.505374 0.646018 0.036812 0.114058
0 0.586009 0.649446 0.150403 0.172022
0 0.355146 0.643837 0.048381 0.082272
