0 0.066385 0.653271 0.132770 0.268232
0 0.340239 0.591721 0.065089 0.078896
0 0.413785 0.577190 0.031268 0.046327
0 0.488170 0.582078 0.017752 0.028052
0 0.542904 0.606524 0.052269 0.073438
0 0.728310 0.648701 0.103551 0.115714
0 0.868501 0.819968 0.261646 0.360065
0 0.677027 0.628539 0.083827 0.099935
0 0.639552 0.611007 0.054241 0.082403
0 0.616869 0.598734 0.034517 0.071883
0 0.511345 0.582078 0.014793 0.028052
0 0.463515 0.576818 0.009862 0.024545
0 0.474363 0.583831 0.007890 0.021039
0 0.580944 0.581396 0.019868 0.037208
0 0.435375 0.575206 0.017868 0.045000
