0 0.156407 0.534843 0.054053 0.084375
0 0.114219 0.543046 0.040869 0.086719
0 0.425352 0.504375 0.017139 0.032812
0 0.440513 0.516093 0.023730 0.028125
0 0.458311 0.516093 0.022412 0.037500
0 0.485996 0.520781 0.059326 0.098437
0 0.637608 0.541875 0.164795 0.159375
0 0.375254 0.497343 0.019775 0.032812
0 0.402940 0.506718 0.019775 0.028125
0 0.273081 0.519609 0.050098 0.058594
0 0.324497 0.509062 0.039551 0.046875
0 0.205845 0.539531 0.100195 0.107812
0 0.052825 0.561796 0.105650 0.124219
0 0.767466 0.499687 0.094922 0.079687
0 0.820200 0.468047 0.076465 0.063281
