0 0.490123 0.408553 0.010518 0.024307
0 0.479080 0.410423 0.009466 0.024307
0 0.466984 0.412292 0.012621 0.039266
0 0.452785 0.422576 0.017880 0.044875
0 0.438587 0.424446 0.021035 0.041136
0 0.433328 0.430991 0.023139 0.050485
0 0.421232 0.441274 0.022087 0.059834
0 0.400723 0.437535 0.033657 0.093490
0 0.359062 0.456622 0.074443 0.135404
0 0.280735 0.482410 0.162145 0.186981
0 0.120878 0.573235 0.240855 0.396921
0 0.870411 0.623434 0.255727 0.410791
0 0.511684 0.408553 0.022087 0.061704
0 0.547682 0.419481 0.049907 0.083560
0 0.604293 0.451820 0.085613 0.108972
0 0.722826 0.492157 0.185111 0.212083
