0 0.200696 0.496059 0.032802 0.041938
0 0.102719 0.505298 0.052784 0.057583
0 0.060444 0.502961 0.037171 0.047682
0 0.410596 0.489619 0.010191 0.014204
0 0.422228 0.493626 0.013590 0.025710
0 0.432106 0.499860 0.014189 0.028379
0 0.444521 0.509950 0.019865 0.038469
0 0.463165 0.521266 0.022703 0.041622
0 0.591773 0.568845 0.065582 0.092073
0 0.665952 0.557549 0.113966 0.136493
0 0.806311 0.602335 0.231531 0.204739
0 0.975434 0.646056 0.049132 0.189810
0 0.392053 0.491419 0.014834 0.021296
0 0.370240 0.474373 0.011996 0.017062
0 0.482616 0.531217 0.044342 0.054235
0 0.030152 0.508829 0.033345 0.046037
