0 0.376763 0.742587 0.014622 0.036393
0 0.364558 0.740576 0.018970 0.034761
0 0.335334 0.753156 0.027295 0.041592
0 0.217382 0.759050 0.044841 0.083184
0 0.253450 0.747786 0.033143 0.074519
0 0.290799 0.750237 0.053252 0.082887
0 0.485684 0.747731 0.033602 0.074409
0 0.431840 0.768375 0.111128 0.175446
0 0.103405 0.795926 0.206810 0.264063
0 0.563947 0.745427 0.030260 0.044577
0 0.592789 0.746670 0.027506 0.049023
0 0.611372 0.755059 0.034758 0.035710
0 0.636756 0.754369 0.027708 0.040556
0 0.666580 0.752509 0.043484 0.054477
0 0.709660 0.734788 0.019496 0.034660
0 0.752855 0.756064 0.080541 0.082224
0 0.861593 0.755805 0.074942 0.082743
0 0.957076 0.755525 0.085849 0.084927
0 0.518110 0.737388 0.026320 0.043325
