0 0.302361 0.331018 0.027678 0.029961
0 0.074777 0.352069 0.050534 0.055845
0 0.260776 0.329549 0.021013 0.034761
0 0.427329 0.312586 0.020847 0.027976
0 0.389590 0.321718 0.027316 0.029137
0 0.366825 0.313478 0.020946 0.026192
0 0.330391 0.326519 0.029108 0.034103
0 0.284424 0.365640 0.057363 0.052984
0 0.195648 0.331430 0.027316 0.029137
0 0.126513 0.354367 0.081424 0.065372
0 0.462310 0.322950 0.022520 0.031600
0 0.194658 0.410375 0.143002 0.146721
0 0.043168 0.400859 0.086335 0.136452
0 0.789081 0.335072 0.031413 0.036421
