0 0.868554 0.429782 0.099430 0.159435
0 0.800865 0.384946 0.141227 0.152060
0 0.722347 0.352150 0.093552 0.118549
0 0.673105 0.338800 0.049715 0.091849
0 0.641110 0.332922 0.038366 0.058546
0 0.619608 0.330861 0.018757 0.038407
0 0.607977 0.329728 0.014991 0.033740
0 0.597557 0.324936 0.009748 0.029461
0 0.587322 0.322336 0.010723 0.024262
0 0.582935 0.318004 0.015597 0.025995
0 0.022421 0.437580 0.044841 0.199294
0 0.114540 0.412452 0.229080 0.225289
0 0.266123 0.369127 0.099430 0.142105
0 0.342907 0.362457 0.058038 0.093058
0 0.388143 0.359472 0.035811 0.064265
0 0.417873 0.348361 0.031757 0.054055
0 0.446120 0.337789 0.022711 0.044768
0 0.464445 0.333251 0.020370 0.035693
0 0.478812 0.329947 0.015961 0.029086
0 0.489410 0.325846 0.015711 0.031282
0 0.514752 0.320663 0.015704 0.017211
0 0.553844 0.318261 0.017852 0.022016
