0 0.385049 0.555770 0.019496 0.029461
0 0.452598 0.550380 0.020070 0.050639
0 0.464351 0.554831 0.016862 0.048377
0 0.478100 0.553856 0.022764 0.061741
0 0.486289 0.566491 0.025064 0.070408
0 0.517335 0.566330 0.059862 0.094991
0 0.553116 0.583812 0.090343 0.109854
0 0.361710 0.550687 0.017660 0.026226
0 0.348006 0.555097 0.023395 0.035046
0 0.309209 0.567950 0.043282 0.046693
0 0.248576 0.577433 0.072136 0.079718
0 0.149384 0.572696 0.131380 0.200103
0 0.042404 0.608703 0.084808 0.197408
0 0.457525 0.555672 0.011382 0.043582
