0 0.193321 0.503203 0.056689 0.035156
0 0.318963 0.495579 0.032163 0.031654
0 0.427329 0.489140 0.018457 0.025781
0 0.406236 0.487968 0.023730 0.018750
0 0.137270 0.498206 0.042229 0.040462
0 0.050898 0.509706 0.067156 0.069024
0 0.471494 0.489140 0.022412 0.021094
0 0.516319 0.495000 0.014502 0.023437
0 0.526206 0.491484 0.013184 0.021094
0 0.544004 0.491484 0.017139 0.030469
0 0.558506 0.490312 0.019775 0.028125
0 0.573008 0.496172 0.017139 0.025781
0 0.586192 0.500859 0.022412 0.039844
0 0.607370 0.509610 0.013297 0.041021
0 0.616560 0.510653 0.019164 0.048670
0 0.633441 0.512925 0.037809 0.053212
0 0.013933 0.513750 0.027867 0.070312
0 0.564460 0.504206 0.023688 0.033149
0 0.495554 0.505052 0.028344 0.042412
0 0.752305 0.593437 0.283447 0.318750
0 0.937534 0.583199 0.123926 0.184538
0 0.598570 0.510306 0.012124 0.036850
