0 0.073158 0.710447 0.145953 0.431832
0 0.018457 0.521484 0.034277 0.051562
0 0.025049 0.507422 0.044824 0.046875
0 0.034277 0.501172 0.036914 0.035156
0 0.053394 0.510547 0.030322 0.044531
0 0.067895 0.515234 0.035596 0.035156
0 0.083716 0.509375 0.027686 0.037500
0 0.126562 0.523437 0.047461 0.046875
0 0.164136 0.519531 0.040869 0.051562
0 0.191162 0.521093 0.034277 0.042187
0 0.226098 0.523437 0.030322 0.042187
0 0.288061 0.524609 0.022412 0.030469
0 0.417260 0.518750 0.027686 0.037500
0 0.444946 0.519922 0.019775 0.035156
0 0.466699 0.519922 0.023730 0.035156
0 0.485815 0.524609 0.014502 0.030469
0 0.388916 0.521093 0.023730 0.042187
0 0.505590 0.522265 0.019775 0.044531
0 0.524047 0.525781 0.017139 0.042187
0 0.538549 0.530468 0.022412 0.056250
0 0.561621 0.560937 0.047461 0.051562
0 0.593920 0.567968 0.027686 0.051562
0 0.630175 0.575000 0.079102 0.089062
