0 0.030131 0.721465 0.058664 0.151618
0 0.076035 0.711692 0.062388 0.113243
0 0.113565 0.703595 0.028269 0.093582
0 0.136473 0.704461 0.019496 0.077985
0 0.446462 0.752118 0.134523 0.152503
0 0.389436 0.723002 0.082859 0.120621
0 0.336309 0.713993 0.025345 0.083184
0 0.328998 0.707061 0.036068 0.083184
0 0.308527 0.707061 0.016572 0.072786
0 0.294392 0.698396 0.015597 0.051990
2 0.626349 0.718051 0.188068 0.233405
0 0.515673 0.720058 0.070186 0.119576
0 0.953762 0.757317 0.092431 0.152503
1 0.868320 0.720925 0.239334 0.187163
1 0.770586 0.711393 0.108204 0.147304
0 0.155482 0.699262 0.020471 0.050257
0 0.276358 0.686265 0.028269 0.048524
