0 0.270147 0.377002 0.183217 0.202361
0 0.501312 0.395020 0.132540 0.202361
0 0.686478 0.384625 0.116167 0.164938
0 0.865913 0.350253 0.067596 0.064586
0 0.775357 0.349974 0.047558 0.059600
0 0.403467 0.343737 0.047558 0.047125
0 0.611242 0.359676 0.059253 0.081776
0 0.557057 0.336723 0.017932 0.044186
0 0.570700 0.329877 0.012474 0.036037
0 0.589802 0.336807 0.013254 0.033265
0 0.825640 0.322253 0.024940 0.023563
0 0.995607 0.398485 0.006237 0.042967
0 0.352400 0.319481 0.024949 0.026335
0 0.743392 0.331956 0.022610 0.026335
