0 0.147178 0.502031 0.048779 0.084375
0 0.094444 0.497343 0.072510 0.121875
0 0.312632 0.484453 0.018457 0.030469
0 0.295494 0.485625 0.026367 0.037500
0 0.275718 0.487968 0.034277 0.046875
0 0.557188 0.521953 0.051416 0.082031
0 0.614536 0.523125 0.087012 0.107812
0 0.694297 0.552421 0.127881 0.138281
0 0.838657 0.579375 0.216211 0.220312
0 0.218370 0.492656 0.119971 0.168750
0 0.370640 0.528984 0.108105 0.185156
0 0.441831 0.492656 0.021094 0.037500
0 0.033050 0.500859 0.066099 0.100781
0 0.011297 0.537187 0.022593 0.126562
0 0.962583 0.602812 0.073828 0.276562
