0 0.722468 0.540084 0.151899 0.197468
0 0.512183 0.519831 0.051266 0.082700
0 0.590506 0.504641 0.040823 0.072574
0 0.452373 0.521519 0.045570 0.055696
0 0.477531 0.513080 0.019937 0.032067
0 0.538291 0.499578 0.012342 0.025316
0 0.563924 0.505485 0.016139 0.020253
0 0.549683 0.499578 0.012342 0.028692
1 0.559177 0.477637 0.018038 0.032067
0 0.396835 0.488045 0.026582 0.035443
0 0.082595 0.516962 0.049367 0.035443
0 0.251582 0.508523 0.034177 0.028692
0 0.215032 0.516962 0.038924 0.035443
0 0.373576 0.497553 0.019937 0.030380
0 0.009494 0.517806 0.018987 0.043882
