0 0.071335 0.540715 0.142670 0.353898
0 0.763460 0.561904 0.469334 0.476266
0 0.312564 0.407240 0.030890 0.041186
0 0.117787 0.419444 0.063496 0.120508
0 0.181712 0.425545 0.074650 0.077797
0 0.228476 0.420206 0.036038 0.057966
0 0.253359 0.419444 0.022309 0.041186
0 0.267088 0.415630 0.015445 0.036610
0 0.334016 0.408003 0.010297 0.021356
0 0.347316 0.407240 0.019735 0.025932
0 0.364906 0.411054 0.018877 0.036610
0 0.373486 0.417156 0.022309 0.061017
0 0.394508 0.423257 0.028316 0.070169
0 0.420679 0.431647 0.044619 0.105254
0 0.451140 0.448427 0.090095 0.111356
0 0.507771 0.480461 0.110689 0.181525
