0 0.828032 0.385863 0.210613 0.110247
0 0.551895 0.350501 0.042123 0.052003
0 0.481691 0.336980 0.037442 0.045763
0 0.182153 0.341140 0.070204 0.033282
0 0.233051 0.338020 0.038612 0.027042
0 0.524984 0.332820 0.016381 0.029122
0 0.514876 0.331780 0.010855 0.018721
0 0.507693 0.328660 0.008190 0.016641
0 0.391856 0.334900 0.029252 0.029122
0 0.433394 0.328660 0.023401 0.024961
0 0.464986 0.328660 0.011701 0.024961
0 0.453870 0.326580 0.015211 0.020801
0 0.731177 0.343221 0.038612 0.029122
0 0.699000 0.343221 0.032762 0.037442
0 0.670918 0.342181 0.035102 0.031202
0 0.581525 0.318259 0.011701 0.016641
0 0.592641 0.323459 0.008190 0.018721
