0 0.307836 0.475030 0.015151 0.037545
0 0.291538 0.475846 0.017446 0.039178
0 0.267205 0.483192 0.029383 0.047340
0 0.499516 0.449728 0.018365 0.022854
0 0.515126 0.452993 0.009182 0.026119
0 0.527522 0.458706 0.013773 0.024486
0 0.539459 0.459522 0.021119 0.032648
0 0.568383 0.472582 0.038566 0.048972
0 0.594094 0.474214 0.052339 0.070193
0 0.645056 0.479111 0.093659 0.106106
0 0.721269 0.498700 0.117533 0.125695
0 0.842475 0.545224 0.246085 0.208948
0 0.218385 0.497340 0.067031 0.052237
0 0.057972 0.475878 0.115944 0.164873
0 0.364143 0.455558 0.040402 0.034281
0 0.481217 0.448212 0.013773 0.019589
