0 0.133115 0.608596 0.266230 0.364576
0 0.944948 0.771817 0.104682 0.309661
0 0.847130 0.640630 0.300318 0.315763
0 0.684100 0.570461 0.137288 0.154068
0 0.616743 0.523935 0.098676 0.122034
0 0.545525 0.507156 0.038612 0.076271
0 0.524074 0.500291 0.026600 0.044237
0 0.437411 0.483512 0.011155 0.019831
0 0.422824 0.478935 0.014587 0.028983
0 0.405663 0.488851 0.026600 0.039661
0 0.373486 0.490376 0.036038 0.042712
0 0.346886 0.518596 0.044619 0.114407
0 0.264943 0.524698 0.158739 0.208983
0 0.503075 0.488898 0.016303 0.038136
0 0.485914 0.483559 0.011155 0.018305
0 0.478192 0.478983 0.007722 0.021356
0 0.446444 0.467542 0.011155 0.016780
