0 0.504135 0.419923 0.012689 0.031234
0 0.521704 0.409511 0.030258 0.055527
0 0.529024 0.422525 0.023425 0.043380
0 0.553914 0.422525 0.036114 0.053792
0 0.569321 0.430676 0.036533 0.049270
0 0.612407 0.442351 0.079040 0.056213
0 0.634057 0.468858 0.072283 0.063786
0 0.672017 0.436407 0.028306 0.036440
0 0.776456 0.476317 0.239135 0.234254
0 0.908712 0.530109 0.181547 0.237725
0 0.301186 0.442035 0.032371 0.058739
0 0.257257 0.440459 0.074433 0.084611
0 0.212840 0.432648 0.056767 0.068045
0 0.209030 0.450872 0.118702 0.097864
0 0.152502 0.450084 0.112477 0.105122
0 0.098511 0.454503 0.153365 0.119003
0 0.098582 0.459833 0.117127 0.114524
0 0.064908 0.470244 0.127864 0.145758
0 0.314975 0.436851 0.042068 0.059640
0 0.341068 0.438271 0.033548 0.045440
0 0.356510 0.434958 0.030353 0.036920
0 0.383636 0.422177 0.025560 0.041654
