0 0.424041 0.452311 0.017547 0.017330
0 0.439151 0.450578 0.014622 0.027728
0 0.453286 0.459243 0.017547 0.024262
0 0.467420 0.466175 0.020471 0.027728
0 0.481555 0.469641 0.015597 0.027728
0 0.495202 0.475706 0.015597 0.036393
0 0.513236 0.479172 0.022421 0.032927
0 0.522984 0.494769 0.024370 0.050257
0 0.565876 0.498235 0.069211 0.091849
0 0.387486 0.446245 0.008773 0.019063
0 0.374326 0.455777 0.011698 0.034660
0 0.360679 0.454910 0.019496 0.039859
0 0.333872 0.457510 0.036068 0.041592
0 0.296829 0.456643 0.034118 0.064121
0 0.261249 0.462709 0.042892 0.069320
0 0.206659 0.474840 0.074085 0.103980
0 0.087733 0.480039 0.173516 0.201027
0 0.666769 0.545026 0.175465 0.202760
0 0.399184 0.457510 0.026320 0.031194
