0 0.476471 0.536019 0.013196 0.021327
0 0.465074 0.539218 0.009597 0.019194
0 0.454278 0.548815 0.014396 0.021327
0 0.443481 0.555213 0.016795 0.025592
0 0.428485 0.557346 0.022793 0.025592
0 0.396695 0.559478 0.011996 0.034123
0 0.381699 0.565876 0.027592 0.051185
0 0.324716 0.587203 0.050385 0.063981
0 0.270732 0.589336 0.057583 0.068246
0 0.223946 0.613862 0.069579 0.074644
0 0.151967 0.620260 0.098371 0.100237
0 0.055590 0.643720 0.111179 0.155687
0 0.496265 0.533886 0.009597 0.017062
0 0.506462 0.530687 0.013196 0.014929
0 0.522657 0.532820 0.009597 0.014929
0 0.530455 0.533886 0.010797 0.017062
0 0.538253 0.538151 0.011996 0.012796
0 0.544251 0.547748 0.014396 0.027725
0 0.556247 0.546682 0.011996 0.025592
0 0.565844 0.547748 0.011996 0.027725
0 0.575442 0.552014 0.014396 0.031991
0 0.586238 0.549881 0.021594 0.031991
0 0.619229 0.553080 0.051585 0.055450
0 0.660016 0.558412 0.032390 0.053318
0 0.694806 0.568009 0.070779 0.089573
0 0.805173 0.577606 0.152355 0.164218
