0 0.399201 0.456587 0.019891 0.035362
0 0.381650 0.459708 0.017551 0.029122
0 0.371119 0.461788 0.015211 0.033282
0 0.498072 0.449307 0.009361 0.016641
0 0.510358 0.449307 0.012871 0.024961
0 0.521473 0.449307 0.018721 0.024961
0 0.536099 0.449307 0.024571 0.033282
0 0.543120 0.450347 0.022231 0.039522
0 0.556576 0.454507 0.023401 0.047843
0 0.482276 0.449307 0.019891 0.024961
0 0.454779 0.445147 0.021061 0.024961
0 0.427283 0.458668 0.036272 0.035362
0 0.575297 0.458668 0.032762 0.043683
0 0.349473 0.466988 0.049143 0.047843
0 0.781814 0.453467 0.090095 0.066564
0 0.037064 0.482589 0.070204 0.062404
