0 0.607062 0.372593 0.021446 0.050257
0 0.619247 0.374326 0.020471 0.046791
0 0.635818 0.381258 0.043866 0.060655
0 0.660676 0.391656 0.033143 0.060655
0 0.688945 0.393389 0.048740 0.077985
0 0.719652 0.400321 0.055564 0.105712
0 0.816645 0.400321 0.165717 0.181964
0 0.462790 0.334467 0.052640 0.039859
0 0.505682 0.338800 0.031194 0.027728
0 0.418924 0.383858 0.042892 0.086650
0 0.364334 0.448845 0.097481 0.195828
0 0.180223 0.491159 0.356526 0.540982
0 0.516404 0.492170 0.228105 0.324069
0 0.914055 0.401188 0.155969 0.154236
0 0.914542 0.560912 0.164743 0.481772
