0 0.456387 0.336122 0.028929 0.040408
0 0.041945 0.366562 0.082565 0.117551
0 0.850867 0.375746 0.148775 0.128571
0 0.750650 0.364726 0.103316 0.113878
0 0.669030 0.363807 0.092985 0.093673
0 0.341706 0.359082 0.047526 0.067959
0 0.562931 0.336868 0.038227 0.036735
0 0.604129 0.339201 0.039260 0.035545
0 0.543505 0.334809 0.015620 0.032399
0 0.566419 0.405000 0.108482 0.123061
0 0.411961 0.382041 0.072321 0.102857
0 0.179082 0.416326 0.212832 0.242449
0 0.361530 0.321372 0.032635 0.038398
0 0.258365 0.336254 0.036161 0.064286
0 0.963453 0.680338 0.072264 0.332449
0 0.932827 0.424921 0.131132 0.163187
0 0.431353 0.317475 0.014533 0.019572
0 0.388416 0.326870 0.016734 0.024270
0 0.401690 0.317642 0.013002 0.019386
