0 0.403467 0.462243 0.169183 0.237012
0 0.196081 0.405416 0.180098 0.187115
0 0.076405 0.385318 0.110710 0.138604
0 0.321604 0.404723 0.052236 0.074846
0 0.347722 0.357597 0.012474 0.011088
0 0.481041 0.392941 0.018711 0.048511
0 0.662309 0.404030 0.045999 0.020791
0 0.869695 0.415118 0.097456 0.040195
0 0.602276 0.397792 0.017932 0.019405
0 0.584200 0.399440 0.013542 0.019927
0 0.568636 0.391154 0.013024 0.018249
0 0.559606 0.380292 0.010556 0.017669
0 0.494685 0.388090 0.008576 0.024949
0 0.495855 0.358983 0.010915 0.013860
0 0.497024 0.341658 0.013254 0.009702
