0 0.467415 0.471405 0.018623 0.043817
0 0.474330 0.488360 0.025636 0.055197
0 0.235710 0.487325 0.016321 0.032619
0 0.220347 0.487968 0.026367 0.042187
0 0.200572 0.490312 0.021094 0.042187
0 0.360020 0.476792 0.019330 0.023306
0 0.328507 0.479760 0.026885 0.029017
0 0.297796 0.477959 0.017788 0.026855
0 0.266641 0.483281 0.038232 0.037500
0 0.417590 0.491651 0.074199 0.114616
0 0.493247 0.497343 0.052734 0.065625
0 0.106878 0.547734 0.213755 0.321094
0 0.815586 0.690703 0.367822 0.616406
0 0.307095 0.478777 0.011348 0.025218
0 0.315606 0.477336 0.008916 0.025218
