0 0.766022 0.531068 0.173162 0.167912
0 0.652634 0.510366 0.080909 0.098781
0 0.602919 0.506900 0.043866 0.077985
0 0.578548 0.499102 0.030219 0.048524
0 0.561489 0.493036 0.031194 0.053723
0 0.543943 0.493036 0.019496 0.039859
0 0.528346 0.492170 0.015597 0.031194
0 0.480197 0.484336 0.018729 0.026697
0 0.097968 0.515565 0.192037 0.206226
0 0.230542 0.511233 0.094556 0.107445
0 0.303165 0.491303 0.058488 0.098781
0 0.338258 0.498235 0.023395 0.064121
0 0.360679 0.492170 0.031194 0.041592
0 0.380175 0.487837 0.017547 0.039859
0 0.398696 0.490437 0.021446 0.038126
0 0.415756 0.484371 0.016572 0.029461
0 0.429890 0.483505 0.009748 0.024262
0 0.439638 0.484371 0.009748 0.022529
0 0.446498 0.480410 0.009210 0.018533
0 0.516066 0.489061 0.012819 0.020942
0 0.507231 0.487213 0.008315 0.019710
0 0.499782 0.484749 0.011433 0.017246
