0 0.537340 0.468832 0.044572 0.063098
0 0.275273 0.473967 0.058604 0.067500
0 0.450000 0.459587 0.027721 0.039892
0 0.317369 0.465163 0.030540 0.061630
0 0.347909 0.457092 0.037143 0.054293
0 0.372672 0.460761 0.027238 0.046957
0 0.508864 0.463696 0.025588 0.041087
0 0.498959 0.461495 0.015683 0.042554
0 0.491152 0.458984 0.014788 0.031664
0 0.483709 0.455211 0.013166 0.032922
0 0.398672 0.458560 0.014857 0.027880
0 0.405275 0.457092 0.009905 0.019076
0 0.411053 0.453424 0.009905 0.023478
0 0.938901 0.435815 0.121335 0.140870
