0 0.129175 0.534415 0.142266 0.130896
0 0.545364 0.472295 0.057405 0.068776
0 0.229322 0.500582 0.092972 0.100945
0 0.273624 0.493926 0.039310 0.087633
0 0.296338 0.490042 0.023545 0.059953
0 0.350754 0.486012 0.030066 0.046188
0 0.320690 0.487036 0.036278 0.050387
0 0.510545 0.467074 0.027208 0.045021
0 0.491177 0.469710 0.012984 0.030695
0 0.483768 0.470033 0.010338 0.028754
0 0.476131 0.469438 0.009311 0.019207
0 0.396892 0.474708 0.028434 0.035998
0 0.414228 0.475645 0.008200 0.021076
0 0.041838 0.476957 0.052101 0.044441
0 0.966222 0.512436 0.066765 0.080978
0 0.420935 0.472029 0.008423 0.019965
0 0.428556 0.469890 0.008423 0.018539
