0 0.553014 0.496830 0.007722 0.013729
0 0.543081 0.499245 0.012015 0.020748
0 0.534546 0.501005 0.011841 0.025989
0 0.526472 0.505326 0.018135 0.033770
0 0.514956 0.516530 0.022691 0.038734
0 0.491234 0.518949 0.033464 0.051864
0 0.456483 0.530390 0.065212 0.083898
0 0.432887 0.553271 0.060922 0.086949
0 0.374968 0.583017 0.126992 0.128136
0 0.181392 0.671491 0.272860 0.250169
0 0.582788 0.492712 0.006864 0.021356
0 0.588794 0.495763 0.010297 0.021356
0 0.593085 0.498813 0.012013 0.021356
0 0.600807 0.510254 0.012013 0.041186
0 0.622687 0.507966 0.031748 0.054915
0 0.645397 0.530339 0.055773 0.088475
0 0.681864 0.547119 0.084089 0.115932
0 0.735063 0.572288 0.114979 0.160169
0 0.861054 0.681254 0.275434 0.363051
0 0.044887 0.768487 0.089774 0.385932
0 0.572062 0.495763 0.007722 0.012203
