0 0.359669 0.375435 0.014959 0.020336
0 0.343391 0.371524 0.012319 0.015643
0 0.327552 0.369177 0.014079 0.017207
0 0.294555 0.364484 0.014959 0.023465
0 0.276076 0.361356 0.023758 0.026593
0 0.262438 0.362138 0.019358 0.021900
0 0.442382 0.383256 0.011439 0.023465
1 0.507937 0.350406 0.038717 0.073523
1 0.572171 0.346495 0.089752 0.134531
1 0.751781 0.344931 0.271687 0.303476
0 0.237800 0.355099 0.035197 0.048494
0 0.180165 0.357445 0.043116 0.056315
0 0.142768 0.357445 0.031677 0.053187
0 0.076773 0.361356 0.054555 0.067265
0 0.023098 0.372306 0.045756 0.070394
