0 0.449386 0.342266 0.011698 0.015597
0 0.459134 0.337933 0.009748 0.017330
0 0.466933 0.341399 0.009748 0.020796
0 0.505438 0.349198 0.032169 0.029461
0 0.513236 0.353530 0.030219 0.034660
0 0.537607 0.359596 0.051665 0.050257
0 0.544430 0.363928 0.038018 0.048524
0 0.591708 0.356130 0.111128 0.091849
0 0.614129 0.359596 0.109178 0.088383
0 0.612667 0.376926 0.098456 0.084917
0 0.672617 0.375193 0.150120 0.077985
0 0.422092 0.331001 0.017547 0.010398
0 0.432327 0.339666 0.010723 0.020796
0 0.416730 0.340533 0.020471 0.022529
0 0.398696 0.345732 0.011698 0.019063
0 0.390411 0.345732 0.012673 0.019063
0 0.377251 0.348331 0.017547 0.024262
0 0.364091 0.356130 0.026320 0.025995
0 0.346057 0.354397 0.013647 0.032927
0 0.329972 0.358729 0.022421 0.034660
0 0.313401 0.361329 0.016572 0.032927
0 0.297804 0.368261 0.020471 0.043325
0 0.279770 0.367394 0.029244 0.051990
0 0.258324 0.373460 0.025345 0.050257
0 0.237853 0.375193 0.035093 0.060655
0 0.198861 0.378659 0.042892 0.067587
0 0.132574 0.391656 0.085783 0.097048
0 0.013647 0.469641 0.027295 0.162901
0 0.941664 0.377792 0.111128 0.103980
