0 0.454619 0.591130 0.034107 0.029114
0 0.423554 0.593550 0.016572 0.036393
0 0.404545 0.599615 0.025345 0.034660
0 0.377738 0.598749 0.034118 0.057189
0 0.357267 0.605681 0.030219 0.053723
0 0.236878 0.612613 0.216407 0.199294
0 0.528833 0.592683 0.006824 0.013864
0 0.537841 0.594596 0.011892 0.023679
0 0.548010 0.599740 0.012858 0.037349
0 0.596703 0.603114 0.034852 0.090181
0 0.651893 0.624462 0.122318 0.153674
0 0.559058 0.600072 0.018951 0.053157
0 0.570007 0.600820 0.020636 0.060644
0 0.583944 0.604511 0.023022 0.080749
