0 0.473988 0.504125 0.013389 0.022103
0 0.418304 0.515579 0.008782 0.029016
0 0.402240 0.521257 0.034393 0.042765
0 0.490411 0.509254 0.024537 0.032362
0 0.522098 0.519111 0.033097 0.056740
0 0.504593 0.519427 0.017215 0.039106
0 0.557663 0.527644 0.068860 0.094678
0 0.777929 0.542381 0.057384 0.068010
0 0.339806 0.532519 0.087032 0.105416
0 0.188218 0.597129 0.225709 0.241436
0 0.644226 0.562274 0.137720 0.144521
0 0.457251 0.506165 0.021997 0.032305
0 0.928657 0.683259 0.141546 0.156423
0 0.423781 0.510293 0.009776 0.029932
0 0.429755 0.508845 0.009776 0.027035
