0 0.406001 0.401443 0.012006 0.026680
0 0.392994 0.399664 0.024012 0.033794
0 0.352974 0.402332 0.026013 0.053360
0 0.330964 0.405889 0.036018 0.064032
0 0.293945 0.410336 0.056028 0.090711
0 0.236917 0.429012 0.092045 0.103162
0 0.100860 0.438630 0.188073 0.200660
0 0.490834 0.409065 0.016425 0.038367
0 0.505550 0.409447 0.019009 0.042688
0 0.517055 0.413004 0.024012 0.053360
0 0.539066 0.421008 0.034017 0.080040
0 0.574084 0.420119 0.060030 0.117391
0 0.663628 0.445020 0.151075 0.227668
0 0.832211 0.503716 0.334165 0.430435
0 0.434191 0.412526 0.027795 0.043424
