0 0.414280 0.532422 0.023167 0.032778
0 0.487777 0.542637 0.018313 0.052267
0 0.503292 0.545969 0.035631 0.065623
0 0.535185 0.552968 0.052723 0.068006
0 0.587765 0.583474 0.061780 0.093051
0 0.135798 0.523729 0.049823 0.045674
0 0.230631 0.534761 0.058780 0.071029
0 0.371107 0.546864 0.067786 0.102203
0 0.447044 0.545339 0.039470 0.059492
0 0.686441 0.597203 0.176758 0.190678
0 0.024283 0.519254 0.047193 0.085424
0 0.174651 0.518686 0.035539 0.051936
0 0.270801 0.530786 0.039853 0.060396
0 0.470430 0.538284 0.009214 0.037311
0 0.478364 0.540559 0.014845 0.041861
