0 0.111615 0.479172 0.094556 0.091849
0 0.186188 0.476573 0.052640 0.062388
0 0.240290 0.459243 0.053614 0.045058
0 0.279770 0.447978 0.025345 0.043325
0 0.304140 0.443646 0.023395 0.038126
0 0.326561 0.446245 0.025345 0.025995
0 0.341062 0.444045 0.013712 0.024204
0 0.349950 0.441952 0.010526 0.025508
0 0.911605 0.686265 0.175784 0.353530
0 0.583910 0.456643 0.070186 0.088383
0 0.548817 0.451444 0.025345 0.053723
0 0.535657 0.449711 0.012673 0.036393
0 0.539556 0.425449 0.039967 0.064121
0 0.449874 0.430648 0.020471 0.029461
0 0.482119 0.415802 0.010876 0.017561
0 0.405423 0.425585 0.011257 0.015011
0 0.413079 0.423998 0.006663 0.018185
0 0.500822 0.418957 0.013188 0.016477
0 0.358861 0.439575 0.012969 0.028820
0 0.417627 0.420482 0.007295 0.015131
0 0.431406 0.415799 0.010537 0.014410
