0 0.300889 0.472535 0.016588 0.023465
0 0.287513 0.476397 0.019442 0.031189
0 0.266610 0.475706 0.034118 0.032927
0 0.454748 0.462709 0.008773 0.017330
0 0.464009 0.461842 0.011698 0.015597
0 0.474731 0.461842 0.013647 0.019063
0 0.486917 0.462709 0.010723 0.027728
0 0.496665 0.467908 0.018521 0.034660
0 0.510799 0.469641 0.019496 0.041592
0 0.527371 0.468774 0.015597 0.043325
0 0.555640 0.489570 0.038992 0.064121
0 0.545405 0.468774 0.034118 0.053723
0 0.600482 0.491303 0.064337 0.077985
0 0.687240 0.500835 0.132574 0.169833
0 0.851495 0.540693 0.271971 0.204493
0 0.222256 0.479172 0.050690 0.050257
0 0.179365 0.483505 0.027295 0.041592
0 0.146709 0.487837 0.028269 0.046791
0 0.100893 0.499102 0.065312 0.058922
0 0.039967 0.504301 0.079934 0.093582
0 0.947026 0.609147 0.104304 0.244352
0 0.320588 0.466405 0.028242 0.031863
0 0.342313 0.469302 0.018466 0.024139
0 0.357249 0.469784 0.012492 0.019311
0 0.364310 0.466405 0.010319 0.018345
0 0.378159 0.465439 0.011949 0.016414
0 0.387935 0.462543 0.010862 0.014483
0 0.396897 0.462060 0.009233 0.015449
