0 0.326402 0.470201 0.012598 0.027686
0 0.317204 0.469760 0.010438 0.030928
0 0.298596 0.474569 0.011187 0.037106
0 0.285254 0.473331 0.017445 0.038070
0 0.268062 0.471755 0.023196 0.037113
0 0.243530 0.477870 0.037060 0.047148
0 0.207023 0.479382 0.045232 0.061856
0 0.162371 0.480412 0.053351 0.072165
0 0.497552 0.471134 0.018557 0.024742
0 0.608892 0.492047 0.092784 0.134021
0 0.715752 0.510722 0.201804 0.220619
0 0.100482 0.496289 0.075387 0.076289
0 0.346358 0.471546 0.026675 0.026804
0 0.433922 0.502474 0.092784 0.142268
0 0.034373 0.506598 0.068428 0.084536
0 0.897124 0.585245 0.201804 0.329897
0 0.307594 0.471939 0.011915 0.034800
0 0.559673 0.485927 0.029088 0.040870
0 0.539734 0.484258 0.019236 0.034197
0 0.526597 0.479671 0.014544 0.026690
0 0.514868 0.472581 0.017359 0.024188
