0 0.510009 0.565581 0.011966 0.025387
0 0.518886 0.569357 0.010422 0.020586
0 0.550140 0.580355 0.043293 0.070724
0 0.615079 0.587635 0.107646 0.151849
0 0.463258 0.566589 0.008785 0.015051
0 0.433917 0.566459 0.015211 0.020801
0 0.230126 0.568914 0.049143 0.089445
0 0.184493 0.570994 0.044463 0.097766
0 0.141201 0.576195 0.053823 0.095686
0 0.075092 0.593876 0.085415 0.110247
0 0.039405 0.602196 0.077225 0.135208
0 0.473873 0.565431 0.012445 0.016087
0 0.449036 0.566138 0.014255 0.025650
0 0.780059 0.617797 0.301878 0.287057
0 0.527764 0.569700 0.011966 0.019900
