0 0.393331 0.557870 0.017510 0.034903
0 0.380221 0.563443 0.022371 0.050172
0 0.358412 0.567777 0.048347 0.067917
0 0.335900 0.576848 0.046940 0.087744
0 0.298324 0.592129 0.084019 0.134773
0 0.247036 0.628866 0.127577 0.179381
0 0.119459 0.674364 0.238918 0.294571
0 0.487502 0.571703 0.026058 0.049925
0 0.514688 0.577634 0.043552 0.076917
0 0.543363 0.584536 0.068428 0.103093
0 0.584536 0.614847 0.081186 0.114229
0 0.685517 0.644588 0.170333 0.190206
0 0.847809 0.731959 0.300387 0.484536
0 0.430410 0.550381 0.013837 0.018673
0 0.407889 0.553036 0.015322 0.028064
0 0.472925 0.562076 0.008402 0.033017
0 0.465850 0.558931 0.008402 0.028300
0 0.460765 0.557752 0.008844 0.025942
0 0.453911 0.552249 0.008402 0.022797
0 0.448383 0.552249 0.007075 0.021225
