0 0.967290 0.552300 0.064158 0.078532
0 0.893667 0.541251 0.057847 0.056094
0 0.826354 0.543120 0.076779 0.052355
0 0.791489 0.543844 0.043567 0.046644
0 0.522393 0.542186 0.017880 0.024307
0 0.534162 0.543878 0.013673 0.018698
0 0.554347 0.542657 0.010767 0.014031
0 0.581292 0.537511 0.015776 0.022438
0 0.479797 0.557144 0.029449 0.039266
0 0.447718 0.549665 0.017880 0.028047
0 0.461917 0.527227 0.018932 0.013089
0 0.507669 0.511334 0.013673 0.014958
0 0.655968 0.616043 0.154610 0.172022
0 0.772387 0.541352 0.040504 0.040759
