0 0.467104 0.494782 0.037649 0.043631
0 0.437360 0.490564 0.017380 0.033717
0 0.416489 0.488033 0.032390 0.053318
0 0.348709 0.492298 0.035989 0.061848
0 0.260535 0.502962 0.080376 0.053317
0 0.377500 0.500829 0.055184 0.087441
0 0.505561 0.488199 0.027357 0.041783
0 0.525613 0.486579 0.014464 0.028343
0 0.551136 0.482266 0.030980 0.045310
0 0.585639 0.533886 0.099570 0.136493
0 0.657017 0.504028 0.052784 0.081043
0 0.703204 0.516824 0.094772 0.127962
0 0.794976 0.546682 0.146357 0.136493
0 0.922081 0.581872 0.155838 0.253791
