0 0.489655 0.618924 0.011918 0.023691
0 0.464809 0.618095 0.016215 0.026816
0 0.455383 0.614844 0.009668 0.020312
0 0.441760 0.620312 0.014062 0.021875
0 0.425764 0.620982 0.018374 0.031313
0 0.407922 0.618750 0.014941 0.025000
0 0.394739 0.618750 0.016699 0.025000
0 0.346396 0.631388 0.042554 0.039575
0 0.315198 0.632812 0.028125 0.028125
0 0.292786 0.632812 0.018457 0.021875
0 0.272131 0.635937 0.022852 0.028125
0 0.251916 0.639844 0.024609 0.029687
0 0.146448 0.648437 0.066797 0.046875
0 0.104700 0.657031 0.053613 0.042187
0 0.073059 0.636719 0.023730 0.023437
0 0.038507 0.660937 0.077014 0.059375
0 0.510035 0.615500 0.006644 0.019593
0 0.515803 0.617422 0.014062 0.029687
0 0.526516 0.619236 0.019336 0.035937
0 0.551239 0.628535 0.041419 0.069571
0 0.577681 0.644482 0.043945 0.118750
0 0.613277 0.654596 0.072949 0.204772
0 0.754781 0.680420 0.312012 0.403125
0 0.895406 0.768701 0.206543 0.457812
0 0.505465 0.613572 0.007486 0.017111
