0 0.428064 0.404189 0.008093 0.028153
0 0.421276 0.407619 0.015678 0.033271
0 0.383906 0.411161 0.059062 0.045000
0 0.340664 0.428973 0.035859 0.054375
0 0.307441 0.430848 0.053789 0.080625
0 0.252598 0.443036 0.087539 0.127500
0 0.168223 0.485223 0.114961 0.144375
0 0.063809 0.528348 0.127617 0.204375
0 0.489149 0.399241 0.024258 0.031875
0 0.520789 0.401219 0.047461 0.057919
0 0.550848 0.388661 0.016875 0.060000
0 0.583627 0.396409 0.054978 0.075496
0 0.618875 0.411161 0.060117 0.105000
0 0.660008 0.409286 0.079102 0.120000
0 0.691121 0.421473 0.084375 0.140625
0 0.753348 0.450536 0.145547 0.191250
0 0.892567 0.443036 0.213047 0.468750
0 0.434543 0.403626 0.008609 0.021294
0 0.438660 0.402961 0.007860 0.023955
0 0.442965 0.400964 0.005989 0.019963
