0 0.929379 0.725133 0.132941 0.247082
0 0.738024 0.580106 0.356524 0.379576
0 0.547862 0.532808 0.143383 0.177551
0 0.471740 0.513569 0.059217 0.088941
0 0.429956 0.502081 0.016780 0.045029
0 0.313472 0.486388 0.012540 0.016675
0 0.286972 0.491289 0.019392 0.044326
0 0.249317 0.512691 0.014447 0.067511
0 0.238493 0.514021 0.019040 0.077334
0 0.216348 0.516244 0.049285 0.099641
0 0.172272 0.535416 0.103330 0.132635
0 0.124486 0.576057 0.113302 0.167367
0 0.061257 0.624327 0.120808 0.256743
0 0.255788 0.502751 0.018559 0.053504
0 0.265569 0.498293 0.017054 0.046370
0 0.273845 0.491605 0.011537 0.047262
0 0.441631 0.514790 0.020064 0.049045
0 0.414293 0.499630 0.029594 0.049045
0 0.396737 0.498293 0.018559 0.039236
0 0.382442 0.492496 0.022070 0.034778
0 0.369651 0.486254 0.009530 0.027644
0 0.357613 0.483133 0.017556 0.028535
0 0.348584 0.481350 0.010534 0.023185
0 0.341311 0.481350 0.009029 0.021402
0 0.330526 0.484917 0.010534 0.016051
