0 0.368557 0.508929 0.023246 0.047449
0 0.356933 0.516582 0.018941 0.044388
0 0.342297 0.521174 0.029273 0.050510
0 0.331104 0.525000 0.024107 0.064286
0 0.306997 0.530357 0.060268 0.090306
0 0.269545 0.547194 0.071460 0.105612
0 0.231262 0.563944 0.087879 0.126868
0 0.438159 0.513406 0.020239 0.031914
0 0.460250 0.520408 0.024107 0.048980
0 0.469290 0.527296 0.026690 0.050510
0 0.479622 0.538010 0.030134 0.056633
0 0.503729 0.544898 0.043909 0.073469
0 0.532141 0.556378 0.055963 0.090306
0 0.579433 0.577806 0.092985 0.123980
0 0.656489 0.615306 0.150670 0.189796
0 0.823518 0.712500 0.349554 0.378061
0 0.109343 0.591582 0.216103 0.237245
0 0.034224 0.690306 0.068447 0.174490
0 0.402916 0.515715 0.020937 0.032258
