0 0.053017 0.530788 0.106033 0.140315
0 0.940748 0.591378 0.114803 0.299764
0 0.849862 0.523347 0.251132 0.265748
0 0.608297 0.482953 0.071752 0.091417
0 0.563452 0.477638 0.053814 0.068032
0 0.530566 0.474449 0.026309 0.040394
0 0.512030 0.470197 0.008371 0.023386
0 0.500071 0.464882 0.015546 0.017008
0 0.191538 0.508465 0.080123 0.065906
0 0.255517 0.501024 0.050226 0.046772
0 0.291393 0.490394 0.016742 0.034016
0 0.313516 0.487205 0.025113 0.031890
0 0.334444 0.485079 0.011959 0.023386
0 0.346403 0.486142 0.007175 0.025512
0 0.359557 0.484016 0.019134 0.021260
