0 0.084981 0.711730 0.169963 0.286910
0 0.229606 0.683826 0.116167 0.145168
0 0.318095 0.659060 0.067050 0.098409
0 0.364501 0.649090 0.033559 0.065757
0 0.549106 0.603030 0.036952 0.058004
0 0.929009 0.612490 0.140741 0.188586
0 0.853055 0.619934 0.097705 0.126551
0 0.813275 0.600083 0.115850 0.133995
0 0.784313 0.595740 0.119339 0.115385
0 0.713826 0.607527 0.052342 0.071960
0 0.675442 0.605666 0.046759 0.063275
0 0.650318 0.603184 0.048154 0.058313
0 0.621006 0.603184 0.027218 0.038462
0 0.614377 0.595740 0.055831 0.045906
