0 0.377232 0.528984 0.021094 0.025781
0 0.361411 0.527812 0.015820 0.023437
0 0.344932 0.526640 0.017139 0.030469
0 0.253965 0.526640 0.043506 0.053906
0 0.465562 0.528984 0.018457 0.030469
0 0.484894 0.533092 0.025482 0.029311
0 0.423401 0.540541 0.063334 0.097297
0 0.327793 0.532500 0.032959 0.032812
0 0.594102 0.530156 0.022412 0.037500
0 0.604649 0.538359 0.032959 0.063281
0 0.619151 0.538359 0.038232 0.077344
0 0.641270 0.550927 0.061378 0.083731
0 0.547801 0.529577 0.027370 0.036342
1 0.733363 0.563964 0.142733 0.162162
1 0.141892 0.506306 0.154054 0.158559
0 0.033446 0.558948 0.066892 0.085708
0 0.931515 0.666422 0.135618 0.280592
