0 0.585479 0.528274 0.022706 0.058306
0 0.599354 0.527153 0.012614 0.060548
0 0.638458 0.529396 0.070639 0.100914
0 0.686392 0.537245 0.090822 0.112126
0 0.395316 0.534926 0.046530 0.068887
0 0.453660 0.513698 0.046673 0.056063
0 0.219618 0.557658 0.095900 0.109910
0 0.129769 0.573406 0.095192 0.103639
0 0.506640 0.530517 0.023967 0.035880
0 0.532499 0.521547 0.005046 0.022425
0 0.538176 0.523789 0.011353 0.026910
0 0.551420 0.528274 0.025228 0.035880
0 0.279494 0.539487 0.030274 0.062791
0 0.483844 0.524911 0.015137 0.038123
0 0.911401 0.555545 0.175847 0.337559
