0 0.327242 0.677081 0.023401 0.027042
0 0.373460 0.675000 0.012871 0.018721
0 0.386915 0.675000 0.011701 0.018721
0 0.394521 0.676041 0.010531 0.020801
0 0.403881 0.673960 0.008190 0.033282
0 0.421432 0.669800 0.029252 0.041602
0 0.424943 0.667720 0.029252 0.037442
0 0.454779 0.677081 0.039782 0.060324
0 0.316126 0.683321 0.019891 0.035362
0 0.296235 0.683321 0.036272 0.047843
0 0.269908 0.687481 0.025742 0.043683
0 0.270493 0.699962 0.022231 0.043683
0 0.223106 0.664600 0.035102 0.018721
0 0.238316 0.693722 0.046803 0.060324
0 0.188588 0.681241 0.022231 0.031202
0 0.214915 0.703082 0.058504 0.058243
0 0.201459 0.712443 0.031592 0.064484
0 0.109609 0.687481 0.187211 0.147689
0 0.150561 0.738444 0.058504 0.058243
0 0.073922 0.727004 0.143919 0.126888
0 0.031403 0.801888 0.062806 0.101926
0 0.050124 0.759246 0.100248 0.104006
