0 0.401882 0.557240 0.010926 0.019424
0 0.421003 0.559668 0.024584 0.033993
0 0.432612 0.575450 0.025950 0.041277
0 0.451050 0.587590 0.038242 0.050989
0 0.475399 0.601417 0.028255 0.069238
0 0.498852 0.607015 0.054631 0.094694
0 0.550752 0.624011 0.101068 0.177248
0 0.619257 0.646847 0.117568 0.216216
0 0.390273 0.568166 0.012292 0.024281
0 0.378663 0.571808 0.016389 0.031565
0 0.366371 0.576664 0.021853 0.036421
0 0.347026 0.585259 0.033652 0.051105
0 0.310642 0.606254 0.057770 0.095600
0 0.276230 0.610657 0.060094 0.118975
0 0.207926 0.637708 0.139553 0.155214
0 0.086898 0.693211 0.173796 0.381205
2 0.823480 0.664865 0.351689 0.601802
