0 0.040844 0.552651 0.080909 0.188896
0 0.150510 0.537054 0.136473 0.171566
0 0.253840 0.521457 0.074085 0.123042
0 0.317202 0.517125 0.052640 0.090116
0 0.478046 0.499795 0.019496 0.038126
0 0.542870 0.487664 0.010723 0.017330
0 0.600872 0.517125 0.019496 0.062388
0 0.623292 0.518858 0.029244 0.100514
0 0.642301 0.538787 0.036068 0.095315
0 0.731496 0.553518 0.152070 0.169833
0 0.566266 0.514525 0.053614 0.074519
0 0.529711 0.491130 0.013647 0.027728
0 0.513626 0.481598 0.010723 0.015597
2 0.409322 0.459070 0.121851 0.202760
2 0.485844 0.480732 0.029244 0.065854
