0 0.055263 0.512480 0.110526 0.192857
0 0.950348 0.656581 0.097512 0.203692
0 0.863197 0.557985 0.271815 0.227528
0 0.599914 0.478892 0.047537 0.069342
0 0.398187 0.478892 0.043880 0.056340
0 0.717538 0.505979 0.136517 0.179855
0 0.568223 0.472391 0.018283 0.043339
0 0.554815 0.468057 0.015846 0.026003
0 0.544454 0.461557 0.014627 0.021669
0 0.534703 0.459390 0.012189 0.017335
0 0.239120 0.460473 0.101169 0.045506
0 0.425548 0.473320 0.020721 0.039005
0 0.444690 0.470070 0.028756 0.036838
0 0.464553 0.468986 0.025597 0.030337
0 0.484055 0.463569 0.020721 0.032504
0 0.497463 0.466819 0.013408 0.021669
0 0.503558 0.462485 0.010970 0.017335
0 0.320098 0.472500 0.011602 0.030000
