0 0.117061 0.550898 0.096284 0.102370
0 0.044193 0.541706 0.088386 0.145024
0 0.550849 0.527843 0.008398 0.023460
0 0.538852 0.531042 0.013196 0.021327
0 0.563445 0.537440 0.028791 0.034123
0 0.522057 0.533175 0.025193 0.034123
0 0.634224 0.549170 0.016795 0.031990
0 0.648020 0.558767 0.020394 0.042654
0 0.669614 0.565166 0.032390 0.046919
0 0.691636 0.570687 0.035647 0.062229
0 0.766491 0.598303 0.084586 0.079070
0 0.943074 0.629283 0.112500 0.294586
0 0.603633 0.552369 0.053984 0.093839
0 0.717568 0.579279 0.048649 0.059459
