0 0.400646 0.553691 0.009748 0.019063
0 0.409907 0.557157 0.004874 0.029461
0 0.419167 0.558890 0.011698 0.029461
0 0.428915 0.564955 0.011698 0.034660
0 0.443050 0.572754 0.008773 0.043325
0 0.462059 0.578819 0.027295 0.055456
0 0.501539 0.584018 0.053614 0.093582
0 0.522984 0.603948 0.059463 0.105712
0 0.571237 0.621278 0.087733 0.126508
0 0.677004 0.650738 0.203735 0.192362
0 0.374326 0.556290 0.009748 0.024262
0 0.367015 0.559756 0.012673 0.027728
0 0.354830 0.561489 0.017547 0.034660
0 0.337771 0.563222 0.020471 0.051990
0 0.328998 0.568421 0.024370 0.051990
0 0.319737 0.574487 0.019496 0.053723
0 0.307064 0.577953 0.021446 0.067587
0 0.290980 0.588351 0.034118 0.077985
0 0.266123 0.589217 0.052640 0.093582
0 0.208609 0.609147 0.113078 0.140372
0 0.090657 0.650738 0.181314 0.272080
