0 0.632334 0.557109 0.014502 0.025781
0 0.646836 0.561796 0.019775 0.030469
0 0.667271 0.564140 0.026367 0.035156
0 0.588169 0.559453 0.021094 0.025781
0 0.435240 0.553593 0.026367 0.028125
0 0.282969 0.554765 0.032959 0.030469
0 0.254624 0.554765 0.029004 0.044531
0 0.064781 0.567656 0.071191 0.060937
0 0.708140 0.566484 0.039551 0.039844
0 0.800425 0.565312 0.055371 0.065625
0 0.496543 0.555937 0.014502 0.018750
0 0.325816 0.555937 0.023730 0.037500
0 0.348228 0.554765 0.021094 0.030469
0 0.369322 0.555937 0.021094 0.028125
0 0.511045 0.552421 0.017139 0.025781
0 0.527525 0.555937 0.026367 0.032812
0 0.559824 0.559453 0.035596 0.044531
0 0.849204 0.578203 0.071191 0.053906
0 0.222325 0.562968 0.038232 0.046875
0 0.021844 0.564140 0.043687 0.082031
0 0.946763 0.592265 0.105469 0.086719
