0 0.242650 0.534365 0.034430 0.054408
0 0.219219 0.544991 0.014346 0.038256
0 0.082874 0.547773 0.045789 0.055722
0 0.041808 0.548392 0.043994 0.062059
0 0.011101 0.550517 0.022202 0.062909
0 0.277028 0.527177 0.041603 0.049307
0 0.433593 0.547039 0.033474 0.057809
0 0.507127 0.528171 0.013868 0.032305
0 0.524581 0.535822 0.022953 0.037406
0 0.547773 0.538373 0.031083 0.030605
0 0.616873 0.531572 0.031561 0.040806
0 0.650267 0.531895 0.026301 0.034005
0 0.707411 0.529770 0.045907 0.048457
0 0.741602 0.537846 0.021519 0.039106
0 0.802891 0.545072 0.053558 0.060359
0 0.880916 0.555699 0.096117 0.078212
0 0.959101 0.553574 0.077468 0.084162
0 0.314262 0.536953 0.033474 0.055258
0 0.347018 0.536528 0.024388 0.034005
0 0.381448 0.550981 0.049254 0.069710
0 0.166738 0.562110 0.104725 0.107116
0 0.478435 0.561508 0.071729 0.094364
0 0.592417 0.532908 0.017215 0.044207
