0 0.460898 0.518906 0.016875 0.031875
0 0.444023 0.539531 0.037969 0.065625
0 0.603281 0.494531 0.008437 0.013125
0 0.609082 0.499922 0.007383 0.024844
0 0.594316 0.497344 0.007383 0.015000
0 0.597480 0.512344 0.011602 0.015000
0 0.584297 0.504844 0.008437 0.015000
0 0.588515 0.526406 0.012656 0.024375
0 0.571113 0.507656 0.009492 0.013125
0 0.582715 0.525469 0.013711 0.018750
1 0.394980 0.491250 0.081211 0.157500
0 0.321152 0.530156 0.053789 0.065625
0 0.521015 0.617437 0.164531 0.234375
0 0.031641 0.717053 0.063281 0.315000
