0 0.046863 0.721130 0.093727 0.172732
0 0.935359 0.794491 0.127638 0.295174
0 0.690254 0.671185 0.163253 0.169964
0 0.158113 0.689017 0.138948 0.127929
0 0.248060 0.661426 0.060094 0.082648
0 0.288351 0.651618 0.050534 0.073254
0 0.317715 0.644476 0.030047 0.067986
0 0.330007 0.644476 0.021853 0.063130
0 0.347763 0.639620 0.024584 0.053417
0 0.577897 0.654189 0.061460 0.077698
0 0.541021 0.637192 0.034145 0.063130
0 0.520534 0.633550 0.023218 0.046133
0 0.419265 0.627962 0.034547 0.059238
0 0.442002 0.620196 0.024584 0.038849
0 0.506876 0.633550 0.020487 0.036421
0 0.476146 0.631122 0.021853 0.021853
