0 0.452311 0.444512 0.017547 0.032927
0 0.491791 0.443646 0.014622 0.020796
0 0.404545 0.441913 0.027295 0.031194
0 0.373839 0.447112 0.043866 0.055456
0 0.344107 0.463575 0.025345 0.060655
0 0.309501 0.457510 0.045816 0.062388
0 0.508850 0.454910 0.031194 0.039859
0 0.469857 0.449711 0.023395 0.032927
1 0.511287 0.425449 0.034118 0.053723
1 0.544430 0.415918 0.038018 0.093582
1 0.615204 0.422487 0.144698 0.183986
0 0.208894 0.548281 0.250121 0.244773
0 0.060355 0.457510 0.045007 0.034660
1 0.917631 0.387197 0.163094 0.660017
0 0.108946 0.456093 0.046143 0.032812
0 0.429966 0.445781 0.031641 0.037500
