0 0.552439 0.457697 0.030772 0.041477
0 0.510061 0.476189 0.053984 0.072741
0 0.456312 0.503383 0.089504 0.113876
0 0.415738 0.470002 0.029093 0.042848
0 0.364857 0.464099 0.061087 0.062797
0 0.311380 0.479423 0.047705 0.049211
0 0.269778 0.488052 0.042696 0.036217
0 0.203240 0.520344 0.118189 0.103088
0 0.089583 0.508680 0.093579 0.073284
0 0.583839 0.457109 0.038389 0.068246
0 0.633212 0.452059 0.033965 0.048488
0 0.664606 0.464039 0.063163 0.088509
0 0.751053 0.533536 0.144884 0.174182
0 0.793928 0.445169 0.045889 0.049471
0 0.871283 0.449635 0.077613 0.055483
