0 0.331733 0.660795 0.025017 0.029346
0 0.305381 0.667807 0.035596 0.029386
0 0.274629 0.664919 0.026825 0.030474
0 0.246099 0.668093 0.033047 0.028814
0 0.201599 0.668088 0.061226 0.041186
0 0.136097 0.663750 0.070942 0.051562
0 0.727741 0.672199 0.016168 0.026275
2 0.770402 0.665046 0.067956 0.067719
0 0.394370 0.663750 0.026367 0.023437
0 0.468233 0.656736 0.026437 0.028090
0 0.525547 0.659062 0.017139 0.023437
0 0.589392 0.656616 0.012993 0.018954
0 0.669907 0.677812 0.113379 0.164062
0 0.043596 0.674296 0.087193 0.063281
0 0.940392 0.658935 0.119215 0.093051
