0 0.572807 0.561668 0.041823 0.066495
0 0.597852 0.581263 0.038810 0.082373
0 0.624503 0.583253 0.053374 0.111501
0 0.657202 0.584515 0.070204 0.120647
0 0.722159 0.594727 0.136862 0.157713
0 0.858454 0.645879 0.255075 0.230894
0 0.975429 0.740676 0.049143 0.203852
0 0.502832 0.544862 0.018880 0.030246
0 0.343623 0.539099 0.018721 0.039522
0 0.372875 0.537019 0.039782 0.064484
0 0.316497 0.534417 0.036875 0.057609
0 0.212577 0.548139 0.062948 0.086082
0 0.149154 0.556894 0.080040 0.099619
0 0.082845 0.553299 0.062888 0.110969
0 0.051215 0.579910 0.102429 0.190732
0 0.475211 0.567268 0.053263 0.075487
