0 0.494893 0.614605 0.018984 0.042632
0 0.564004 0.608800 0.027314 0.050690
0 0.514341 0.603467 0.013409 0.023838
0 0.572819 0.613915 0.019368 0.052974
0 0.588815 0.611941 0.024979 0.079934
0 0.605410 0.614908 0.026445 0.094690
0 0.811132 0.650132 0.171859 0.277105
0 0.364442 0.649304 0.057361 0.078136
0 0.318463 0.677998 0.068535 0.080785
0 0.274511 0.697201 0.040227 0.091380
0 0.074122 0.756759 0.148243 0.227271
0 0.648410 0.633191 0.032405 0.125812
0 0.163515 0.750248 0.231677 0.221165
0 0.445868 0.624730 0.030915 0.045028
0 0.534268 0.612737 0.033150 0.045028
0 0.904056 0.742500 0.189844 0.376579
0 0.628689 0.625172 0.046931 0.120515
