0 0.355493 0.422858 0.019804 0.038529
0 0.341576 0.423831 0.018578 0.043899
0 0.311772 0.418399 0.044257 0.076277
0 0.511704 0.431718 0.010547 0.042187
0 0.529284 0.434081 0.029885 0.041442
0 0.629889 0.423876 0.067619 0.109435
0 0.773399 0.492656 0.114697 0.131250
0 0.433262 0.422343 0.027686 0.037500
0 0.480723 0.439922 0.056689 0.086719
0 0.658476 0.447923 0.077332 0.098034
0 0.157066 0.437785 0.308496 0.333004
0 0.903101 0.486587 0.193799 0.266804
0 0.547773 0.433180 0.009797 0.034835
0 0.556895 0.431679 0.015879 0.043844
0 0.562469 0.439487 0.014865 0.041442
0 0.572943 0.441288 0.013514 0.041442
0 0.584429 0.443391 0.024325 0.055256
0 0.592031 0.447895 0.015203 0.047448
