0 0.379813 0.402026 0.010436 0.024989
0 0.369146 0.405210 0.015470 0.026670
0 0.358116 0.408281 0.011865 0.028125
0 0.349072 0.413590 0.014872 0.034056
0 0.332085 0.415102 0.023995 0.049097
0 0.301978 0.415102 0.053423 0.082902
0 0.261684 0.438041 0.045274 0.099804
0 0.416123 0.404765 0.011865 0.025781
0 0.424406 0.406765 0.013757 0.034469
0 0.435732 0.409180 0.020110 0.039298
0 0.445127 0.412968 0.022412 0.046875
0 0.456992 0.420000 0.030322 0.075000
0 0.493247 0.424687 0.071191 0.093750
0 0.190751 0.454183 0.149109 0.180023
