0 0.264405 0.562330 0.017206 0.018353
0 0.220814 0.571895 0.012617 0.037484
0 0.213260 0.572878 0.013568 0.043528
0 0.207050 0.575585 0.014912 0.040785
0 0.200741 0.582723 0.016059 0.034668
0 0.190990 0.586270 0.019498 0.049919
0 0.175931 0.591580 0.028381 0.056460
0 0.144534 0.605155 0.068826 0.079532
0 0.281737 0.564708 0.022047 0.031267
0 0.706230 0.617775 0.126172 0.228148
0 0.483117 0.627231 0.359040 0.605972
0 0.861658 0.596939 0.273788 0.517959
0 0.234845 0.568615 0.013514 0.022308
0 0.227605 0.567757 0.009331 0.025168
