0 0.420824 0.446300 0.028465 0.029383
0 0.408428 0.452830 0.018365 0.035913
0 0.398328 0.452013 0.020201 0.044075
0 0.380363 0.451537 0.030184 0.062711
0 0.464440 0.447932 0.042239 0.029383
0 0.486478 0.452830 0.020201 0.042443
0 0.499792 0.456911 0.021119 0.053869
0 0.512188 0.461808 0.027547 0.066929
0 0.529956 0.470051 0.033699 0.083416
0 0.552314 0.482376 0.045911 0.091415
0 0.597550 0.493803 0.095981 0.107739
0 0.278472 0.460246 0.052759 0.070378
0 0.243331 0.467684 0.053257 0.062031
0 0.337128 0.462935 0.084200 0.111298
0 0.213425 0.518561 0.164849 0.179565
0 0.060178 0.607418 0.119370 0.288936
