0 0.231026 0.578481 0.023285 0.040352
0 0.208229 0.576610 0.039470 0.054915
0 0.187207 0.589576 0.033464 0.050339
0 0.154172 0.593390 0.037754 0.057966
0 0.107408 0.588051 0.057489 0.093051
0 0.043622 0.601780 0.087244 0.151017
0 0.362591 0.565799 0.041343 0.058233
0 0.390985 0.548390 0.018877 0.022881
0 0.408146 0.565932 0.041186 0.039661
0 0.429597 0.562881 0.015445 0.030508
0 0.448904 0.570508 0.036896 0.054915
0 0.462489 0.578898 0.037754 0.074746
0 0.503247 0.588051 0.074650 0.105254
0 0.576181 0.604830 0.120985 0.157119
0 0.709608 0.662288 0.236822 0.260847
0 0.906902 0.704287 0.186197 0.464645
