0 0.457006 0.454038 0.024080 0.034736
0 0.482882 0.460252 0.025740 0.032604
0 0.591269 0.455624 0.011496 0.022284
0 0.605779 0.456901 0.012251 0.018587
0 0.633147 0.453538 0.017388 0.031889
0 0.649231 0.464329 0.011588 0.024068
0 0.655846 0.466903 0.010661 0.029216
0 0.665099 0.467761 0.015009 0.030932
0 0.671832 0.472107 0.015605 0.030249
0 0.682285 0.475462 0.021066 0.033835
0 0.748606 0.486769 0.039594 0.065427
0 0.722696 0.496849 0.075934 0.076608
0 0.943052 0.514795 0.113896 0.153125
0 0.244966 0.445925 0.051758 0.043991
0 0.134654 0.445547 0.113379 0.058594
