0 0.046998 0.435461 0.090095 0.140339
0 0.126367 0.433935 0.070360 0.085424
0 0.182141 0.421732 0.051483 0.079322
0 0.219466 0.414105 0.048909 0.061017
0 0.554106 0.413342 0.033464 0.083898
0 0.315977 0.415678 0.020593 0.027458
0 0.339574 0.417966 0.024883 0.025932
0 0.460988 0.416441 0.018877 0.019831
0 0.477291 0.411102 0.010297 0.024407
0 0.491449 0.411864 0.024883 0.035085
0 0.367889 0.420254 0.023167 0.021356
0 0.428382 0.415678 0.036038 0.030508
0 0.602995 0.410339 0.072934 0.102203
0 0.405234 0.408003 0.010297 0.021356
