0 0.426070 0.464014 0.009668 0.017187
0 0.408052 0.467139 0.012305 0.020312
0 0.378609 0.466357 0.025488 0.031250
0 0.343013 0.469482 0.045703 0.050000
0 0.293794 0.477295 0.066797 0.068750
0 0.219087 0.491357 0.126562 0.106250
0 0.075386 0.484326 0.148535 0.210937
0 0.459908 0.464014 0.012305 0.020312
0 0.476167 0.468701 0.011426 0.014062
0 0.484078 0.472607 0.013184 0.028125
0 0.501216 0.477295 0.017578 0.034375
0 0.518355 0.474951 0.021973 0.042187
0 0.557466 0.478857 0.070312 0.096875
0 0.822456 0.563232 0.334863 0.284375
