0 0.851289 0.651547 0.295747 0.414433
0 0.640322 0.597114 0.118995 0.168247
0 0.559949 0.549072 0.074227 0.121650
0 0.495039 0.528522 0.049871 0.086598
0 0.460245 0.509966 0.054510 0.065979
0 0.427191 0.494502 0.027835 0.043299
0 0.402255 0.492440 0.019716 0.026804
0 0.247036 0.489691 0.054510 0.055670
0 0.207023 0.489691 0.019716 0.041237
0 0.182088 0.496907 0.037113 0.047423
0 0.030735 0.514433 0.061469 0.103093
1 0.109322 0.449485 0.131614 0.183505
0 0.282410 0.475000 0.012758 0.028351
0 0.386791 0.480928 0.008119 0.032990
0 0.376933 0.479897 0.009278 0.022680
0 0.361889 0.477895 0.019775 0.028585
0 0.342176 0.476070 0.012752 0.018136
0 0.293718 0.472103 0.010202 0.014736
