0 0.494305 0.469548 0.012307 0.017344
0 0.478210 0.466994 0.016824 0.023112
0 0.461004 0.468353 0.028295 0.031269
0 0.307272 0.479544 0.082123 0.085021
0 0.374334 0.474471 0.045884 0.051662
0 0.528852 0.465568 0.019883 0.027190
0 0.187190 0.489015 0.115138 0.094343
0 0.402247 0.466994 0.029824 0.044864
0 0.427865 0.468353 0.030589 0.050302
0 0.565107 0.478088 0.058938 0.064333
0 0.596399 0.472917 0.044941 0.120437
0 0.673355 0.483559 0.169036 0.172373
0 0.917139 0.587288 0.163224 0.425593
0 0.045506 0.496436 0.090402 0.133658
0 0.117274 0.493505 0.088708 0.114199
