0 0.398144 0.499609 0.018457 0.030469
0 0.375732 0.510156 0.029004 0.032812
0 0.346728 0.518359 0.029004 0.039844
0 0.319702 0.513672 0.025049 0.039844
0 0.271582 0.503125 0.052734 0.070312
0 0.235418 0.540625 0.067055 0.070312
0 0.099536 0.574826 0.117334 0.140972
0 0.024390 0.580078 0.048779 0.199219
0 0.446924 0.485156 0.015820 0.016406
0 0.456152 0.492187 0.013184 0.025781
0 0.464062 0.500390 0.015820 0.042187
0 0.475268 0.498047 0.019775 0.046875
0 0.500317 0.509765 0.051416 0.065625
0 0.579419 0.567187 0.096240 0.171094
0 0.794499 0.584064 0.407373 0.456968
