0 0.509273 0.470108 0.011701 0.014561
0 0.520974 0.472188 0.014041 0.022881
0 0.530919 0.474268 0.019891 0.035362
0 0.543205 0.478429 0.030422 0.047843
0 0.556661 0.481549 0.029252 0.062404
0 0.578892 0.486749 0.045633 0.081125
0 0.606389 0.497150 0.056163 0.114407
0 0.639736 0.507550 0.080735 0.151849
0 0.716375 0.528352 0.159130 0.197612
0 0.497572 0.470108 0.016381 0.018721
0 0.486457 0.468028 0.010531 0.014561
0 0.481776 0.471148 0.010531 0.020801
0 0.473001 0.472188 0.014041 0.027042
0 0.463055 0.475309 0.012871 0.029122
0 0.453110 0.480509 0.014041 0.031202
0 0.441994 0.482589 0.015211 0.039522
0 0.429708 0.482589 0.023401 0.043683
0 0.410402 0.483629 0.024571 0.054083
0 0.382320 0.483629 0.052653 0.079045
0 0.358334 0.495070 0.067864 0.085285
0 0.262388 0.501310 0.112327 0.172650
0 0.134266 0.538752 0.246885 0.255855
0 0.027119 0.603236 0.052653 0.208012
0 0.851433 0.611557 0.294858 0.332820
