0 0.439481 0.519803 0.016742 0.025512
0 0.426326 0.524055 0.014350 0.021260
0 0.414966 0.528307 0.013155 0.029764
0 0.400017 0.528307 0.019134 0.042520
0 0.386863 0.532559 0.016742 0.034016
0 0.373708 0.536811 0.021526 0.046772
0 0.346801 0.538937 0.049031 0.085039
0 0.331155 0.546129 0.049230 0.104671
0 0.469378 0.520866 0.011959 0.031890
0 0.476553 0.528307 0.014350 0.029764
0 0.489109 0.532559 0.020330 0.034016
0 0.509439 0.537874 0.034680 0.053150
0 0.539336 0.551711 0.056206 0.076571
0 0.607489 0.578182 0.112025 0.145148
0 0.278059 0.562148 0.117721 0.153586
