0 0.253507 0.569977 0.075708 0.120317
0 0.198447 0.593429 0.114709 0.154985
0 0.424998 0.524094 0.012618 0.016314
0 0.389438 0.524094 0.014912 0.024471
0 0.385996 0.526133 0.012618 0.020393
0 0.380261 0.529192 0.010324 0.030589
0 0.373952 0.529192 0.016059 0.034668
0 0.366496 0.533270 0.019501 0.038746
0 0.537871 0.545506 0.060796 0.116239
0 0.570564 0.561820 0.075708 0.136631
0 0.635776 0.566663 0.138798 0.218712
0 0.826480 0.601586 0.344128 0.454758
0 0.457116 0.524094 0.028677 0.046903
0 0.348945 0.539286 0.032119 0.048739
1 0.441057 0.514713 0.028677 0.048943
0 0.096972 0.634418 0.192711 0.263066
