0 0.522883 0.563193 0.007277 0.019405
0 0.530939 0.564117 0.009876 0.019405
0 0.537956 0.567351 0.011435 0.027721
0 0.548611 0.564579 0.016113 0.038809
0 0.559266 0.568737 0.022870 0.052669
0 0.577198 0.577054 0.025468 0.054517
0 0.604226 0.585370 0.057694 0.067454
0 0.469434 0.562731 0.012994 0.025873
0 0.459818 0.565965 0.013514 0.028645
0 0.448903 0.565503 0.018712 0.038809
0 0.440847 0.566889 0.028587 0.052669
0 0.415378 0.573357 0.043140 0.056366
0 0.382962 0.581951 0.036383 0.092402
0 0.325788 0.596735 0.108111 0.116427
0 0.666542 0.631836 0.062424 0.136534
0 0.222603 0.633024 0.166844 0.194969
0 0.099546 0.656366 0.199070 0.367762
0 0.857635 0.674134 0.280673 0.285524
0 0.742454 0.604688 0.148653 0.202361
