0 0.276067 0.372168 0.029824 0.055060
0 0.233978 0.375008 0.053550 0.062735
0 0.197574 0.377025 0.027288 0.048733
0 0.162900 0.383266 0.053275 0.078119
0 0.135627 0.357384 0.032370 0.027628
0 0.117151 0.402016 0.058415 0.068533
0 0.072458 0.406495 0.028677 0.065257
0 0.407218 0.353814 0.025236 0.030589
0 0.431307 0.355344 0.016059 0.029569
0 0.447939 0.353814 0.014912 0.030589
0 0.542288 0.354324 0.015486 0.015295
0 0.908306 0.331042 0.028677 0.032628
0 0.939851 0.322715 0.020648 0.025491
0 0.031449 0.407515 0.062517 0.116239
0 0.867871 0.338180 0.057928 0.069335
1 0.199212 0.337670 0.013765 0.009177
