0 0.246097 0.615493 0.026978 0.033750
0 0.195139 0.616382 0.040966 0.042632
0 0.164165 0.613717 0.020983 0.030197
0 0.149177 0.622599 0.020983 0.030197
0 0.036770 0.616382 0.055954 0.049737
0 0.307047 0.616382 0.012989 0.021316
0 0.326360 0.615310 0.019640 0.026277
0 0.400470 0.620822 0.043964 0.044408
0 0.533861 0.633257 0.092924 0.058618
0 0.459422 0.612829 0.045962 0.024868
0 0.628283 0.664342 0.083931 0.099474
0 0.727201 0.684770 0.169860 0.158092
0 0.911550 0.612829 0.094922 0.056842
0 0.803991 0.615915 0.059421 0.035809
0 0.105044 0.618601 0.039278 0.034019
0 0.279780 0.615020 0.026185 0.023276
