0 0.423040 0.421571 0.025354 0.066701
0 0.337108 0.426625 0.019953 0.061555
0 0.326274 0.429727 0.022309 0.067759
0 0.300103 0.431695 0.045477 0.071695
0 0.267766 0.442714 0.051162 0.121190
0 0.496597 0.433022 0.036896 0.083501
1 0.151274 0.435508 0.225667 0.254746
0 0.569574 0.457535 0.102966 0.106964
0 0.823986 0.546102 0.266854 0.237966
0 0.967795 0.665847 0.057489 0.236441
0 0.463605 0.433220 0.042044 0.067119
0 0.389383 0.414996 0.049767 0.091364
0 0.362089 0.415219 0.024426 0.074442
0 0.520161 0.450579 0.040478 0.083127
