0 0.521871 0.424170 0.016699 0.025000
0 0.503413 0.429639 0.014941 0.035937
0 0.558785 0.432764 0.007910 0.020312
0 0.589546 0.458545 0.021973 0.053125
0 0.451997 0.449951 0.019336 0.051562
0 0.436177 0.454639 0.017578 0.045312
0 0.422115 0.460889 0.026367 0.042187
0 0.391792 0.475732 0.032520 0.062500
0 0.349165 0.485889 0.050977 0.082812
0 0.291597 0.499170 0.074707 0.096875
0 0.174703 0.543701 0.159082 0.132812
0 0.483199 0.440576 0.029004 0.032812
0 0.568892 0.442139 0.014062 0.023437
0 0.614156 0.478857 0.030762 0.040625
