0 0.335044 0.509062 0.010547 0.028125
0 0.325157 0.510234 0.014502 0.030469
0 0.315269 0.510234 0.015820 0.030469
0 0.306700 0.511406 0.017139 0.032812
0 0.297471 0.516093 0.019775 0.037500
0 0.286265 0.518437 0.023730 0.042187
0 0.266490 0.521953 0.039551 0.053906
0 0.254624 0.528984 0.039551 0.053906
0 0.199913 0.540703 0.090967 0.105469
0 0.348228 0.504375 0.015820 0.037500
0 0.382505 0.510234 0.010547 0.025781
0 0.418101 0.509062 0.013184 0.032812
0 0.398326 0.512578 0.021094 0.035156
0 0.366026 0.510234 0.022412 0.039844
2 0.443809 0.502031 0.048779 0.079687
0 0.950059 0.560625 0.098877 0.135937
