0 0.311451 0.531162 0.012673 0.029461
0 0.320712 0.536361 0.015597 0.039859
0 0.331922 0.543293 0.024370 0.060655
0 0.357754 0.548492 0.050690 0.088383
0 0.139398 0.532028 0.015597 0.055456
0 0.121364 0.520764 0.026320 0.032927
0 0.094532 0.540742 0.044302 0.062120
0 0.072693 0.546288 0.045550 0.062120
0 0.029327 0.546288 0.057405 0.093180
0 0.279238 0.531914 0.031802 0.039841
0 0.174003 0.538264 0.057235 0.061602
0 0.387799 0.571247 0.087980 0.114256
0 0.036970 0.767625 0.073941 0.315037
0 0.973397 0.622863 0.053038 0.127568
