0 0.449892 0.417517 0.015087 0.041126
0 0.437320 0.419305 0.014081 0.055430
0 0.420724 0.423775 0.021122 0.067947
0 0.397088 0.428245 0.036209 0.080464
0 0.343278 0.444338 0.089516 0.148411
0 0.291982 0.472053 0.107620 0.178808
0 0.149662 0.523013 0.297715 0.309338
0 0.488112 0.413046 0.023133 0.035762
0 0.518789 0.412152 0.010058 0.041126
0 0.530356 0.412152 0.015087 0.037550
0 0.549969 0.419305 0.028162 0.051854
0 0.568576 0.430927 0.033191 0.053642
0 0.597744 0.434503 0.041238 0.082252
0 0.627415 0.447020 0.062359 0.114437
0 0.704358 0.455066 0.145840 0.169868
0 0.846175 0.504238 0.270559 0.271788
0 0.960302 0.624040 0.078390 0.300397
