0 0.188381 0.324499 0.032762 0.033282
0 0.230504 0.325540 0.042123 0.035362
0 0.273211 0.325540 0.050313 0.039522
0 0.314164 0.327620 0.038612 0.039522
0 0.354531 0.340100 0.053823 0.035362
0 0.417130 0.343221 0.036272 0.029122
0 0.460423 0.346341 0.066694 0.043683
0 0.527117 0.342181 0.064354 0.031202
0 0.587960 0.345301 0.031592 0.024961
0 0.635933 0.358822 0.071374 0.097766
0 0.974863 0.364369 0.045633 0.060324
0 0.933911 0.360208 0.031592 0.064484
0 0.881258 0.366449 0.076055 0.064484
0 0.523168 0.501607 0.246885 0.299538
