0 0.501743 0.395687 0.016571 0.021774
0 0.513263 0.404103 0.011528 0.029459
0 0.523709 0.402823 0.015130 0.034583
0 0.534877 0.406025 0.011528 0.035863
0 0.543883 0.407946 0.010807 0.039706
0 0.551087 0.408586 0.010807 0.043548
0 0.559012 0.409867 0.012248 0.046110
0 0.581347 0.409227 0.036744 0.062761
0 0.479418 0.388310 0.015885 0.037992
0 0.334586 0.419473 0.025937 0.042268
0 0.311171 0.433563 0.038185 0.042268
0 0.262899 0.440802 0.055476 0.061091
0 0.056845 0.476471 0.113114 0.143454
0 0.726161 0.435484 0.133287 0.138330
0 0.828036 0.461101 0.166429 0.171632
0 0.943635 0.426518 0.110952 0.354791
