0 0.469892 0.467195 0.020201 0.019589
0 0.449691 0.472092 0.018365 0.016324
0 0.429031 0.472092 0.017446 0.016324
0 0.407912 0.474541 0.021119 0.021221
0 0.384956 0.476989 0.021119 0.019589
0 0.368428 0.483519 0.019283 0.022854
0 0.345931 0.483519 0.022037 0.032648
0 0.311957 0.487600 0.033056 0.047340
0 0.270177 0.496578 0.044993 0.045707
0 0.230234 0.504740 0.036729 0.048972
0 0.166877 0.502291 0.091823 0.109371
0 0.073797 0.535756 0.147594 0.137122
0 0.524155 0.464420 0.010101 0.014692
0 0.510841 0.461155 0.012855 0.014692
0 0.496150 0.465236 0.012855 0.019589
0 0.553998 0.466052 0.025710 0.057134
0 0.567771 0.466868 0.029383 0.071826
0 0.595963 0.489722 0.061892 0.094680
0 0.673280 0.525635 0.107433 0.153446
0 0.861087 0.581998 0.274550 0.362394
