0 0.068061 0.596148 0.014530 0.031269
0 0.082591 0.598867 0.020648 0.023112
0 0.098705 0.602363 0.014530 0.020393
0 0.116676 0.596925 0.021412 0.036707
0 0.120882 0.605762 0.022177 0.021752
0 0.157971 0.611880 0.016824 0.023112
0 0.135794 0.606442 0.030589 0.036707
0 0.198119 0.615278 0.023707 0.019033
0 0.171736 0.624795 0.032119 0.046224
0 0.227179 0.617997 0.028295 0.040785
0 0.317417 0.636351 0.058884 0.091088
0 0.359477 0.632952 0.035942 0.035347
0 0.267836 0.653927 0.086414 0.119637
0 0.454492 0.616560 0.057355 0.063897
0 0.651184 0.772168 0.486367 0.445741
0 0.925721 0.712440 0.146828 0.138671
