1 0.501693 0.368975 0.035760 0.056094
0 0.517995 0.402009 0.047329 0.071053
0 0.595650 0.430679 0.027346 0.067313
0 0.819501 0.487708 0.030501 0.102839
0 0.552703 0.422600 0.068365 0.113388
0 0.366015 0.400762 0.039967 0.048615
0 0.289411 0.406683 0.062054 0.076662
0 0.245237 0.410423 0.070468 0.091621
0 0.195278 0.415720 0.090452 0.127147
0 0.084141 0.408241 0.168283 0.209418
0 0.910479 0.493317 0.178800 0.215028
0 0.440865 0.461531 0.131471 0.196330
0 0.705385 0.481787 0.216664 0.280471
0 0.029489 0.668456 0.057847 0.372092
