0 0.839281 0.728244 0.297413 0.230666
2 0.131969 0.631122 0.117457 0.167536
0 0.683745 0.667543 0.161162 0.191817
0 0.579946 0.661473 0.095605 0.126259
0 0.532143 0.645690 0.076484 0.114119
2 0.256938 0.610484 0.047802 0.077698
0 0.443367 0.629330 0.035510 0.052261
0 0.371152 0.625225 0.023218 0.041277
0 0.289205 0.630081 0.017755 0.021853
0 0.308326 0.630081 0.012292 0.016996
0 0.321983 0.631295 0.012292 0.024281
0 0.398812 0.625890 0.017065 0.030575
0 0.415218 0.630610 0.011237 0.036591
0 0.422640 0.630462 0.010626 0.042039
0 0.389797 0.626580 0.007728 0.022325
0 0.384967 0.624004 0.006762 0.020608
0 0.410565 0.627439 0.011592 0.036064
