0 0.302583 0.463232 0.066797 0.115625
0 0.247652 0.485107 0.079980 0.109375
0 0.124165 0.503857 0.186328 0.212500
0 0.594670 0.428824 0.034578 0.062434
0 0.607260 0.441357 0.021701 0.065625
0 0.626021 0.444482 0.033398 0.081250
0 0.717961 0.444531 0.173228 0.222724
0 0.525386 0.442920 0.034277 0.056250
0 0.510005 0.413232 0.026367 0.043750
0 0.429367 0.436372 0.044567 0.064254
0 0.574322 0.431044 0.012913 0.038663
0 0.561070 0.426815 0.012233 0.030205
0 0.465583 0.426815 0.025146 0.047121
0 0.484612 0.420170 0.019709 0.038663
