0 0.181665 0.389924 0.024107 0.016837
0 0.147226 0.389158 0.032717 0.027551
0 0.120966 0.389924 0.023246 0.029082
0 0.274219 0.399107 0.016358 0.013776
0 0.253556 0.392985 0.018080 0.016837
0 0.234184 0.392220 0.020663 0.021429
0 0.333626 0.401403 0.011193 0.015306
0 0.318128 0.401403 0.018080 0.018367
0 0.387867 0.404464 0.014636 0.012245
0 0.353428 0.402934 0.009471 0.012245
0 0.468798 0.412118 0.009471 0.012245
0 0.405086 0.404464 0.011193 0.012245
0 0.364190 0.434694 0.029273 0.048980
0 0.408961 0.414031 0.012054 0.013776
0 0.420584 0.409439 0.012915 0.016837
0 0.431346 0.408674 0.008610 0.015306
0 0.460619 0.410204 0.008610 0.009184
0 0.445121 0.405612 0.010332 0.009184
