0 0.381187 0.446953 0.015820 0.035156
0 0.369322 0.451640 0.026367 0.030469
0 0.352183 0.455156 0.026367 0.037500
0 0.334385 0.452812 0.022412 0.042187
0 0.503985 0.437132 0.015439 0.034265
0 0.519615 0.436406 0.021094 0.032812
0 0.541367 0.437578 0.032959 0.039844
0 0.391075 0.450468 0.025049 0.023437
0 0.416783 0.448125 0.021094 0.023437
0 0.440513 0.439922 0.021094 0.025781
0 0.480064 0.445781 0.013184 0.018750
0 0.596079 0.427031 0.092285 0.107812
0 0.304063 0.456328 0.043506 0.058594
0 0.011297 0.505547 0.022593 0.086719
