0 0.482352 0.467504 0.017206 0.041805
0 0.434748 0.474131 0.029824 0.050982
0 0.461705 0.478210 0.037854 0.071375
0 0.392879 0.485347 0.065384 0.073414
0 0.492676 0.473112 0.019501 0.050982
0 0.508735 0.483308 0.033266 0.055060
0 0.321186 0.517976 0.100944 0.116239
0 0.242188 0.507045 0.079993 0.106612
0 0.125269 0.511380 0.130768 0.175378
0 0.042338 0.525884 0.084676 0.263066
0 0.544118 0.510398 0.039452 0.097713
0 0.570625 0.514858 0.059178 0.115095
0 0.629262 0.535747 0.103238 0.163142
0 0.773412 0.587515 0.320039 0.291616
