0 0.439946 0.442720 0.016381 0.039522
0 0.418300 0.451040 0.036272 0.060324
0 0.391974 0.447920 0.025742 0.058243
0 0.359212 0.453467 0.053823 0.074884
0 0.451647 0.445147 0.014041 0.033282
0 0.499035 0.444107 0.012871 0.043683
0 0.507225 0.448267 0.012871 0.035362
0 0.512491 0.453467 0.009361 0.045763
0 0.741911 0.474510 0.065698 0.054566
0 0.678641 0.458668 0.086585 0.064484
0 0.899762 0.479371 0.070940 0.060127
0 0.983629 0.507550 0.032742 0.045763
0 0.521266 0.455547 0.024571 0.033282
0 0.476219 0.461788 0.056163 0.079045
0 0.302463 0.485709 0.118177 0.122727
