0 0.037813 0.579597 0.075626 0.129820
0 0.849424 0.692325 0.300164 0.375616
0 0.682190 0.583521 0.198030 0.227310
0 0.577788 0.571740 0.076795 0.131673
0 0.284960 0.535010 0.021050 0.038809
0 0.302502 0.531545 0.014034 0.034651
0 0.317706 0.531338 0.021050 0.037010
0 0.352400 0.524615 0.024949 0.042967
0 0.455377 0.524131 0.012347 0.028781
0 0.443308 0.521502 0.011715 0.020109
0 0.371891 0.535703 0.032745 0.045739
0 0.416601 0.523722 0.034844 0.064421
0 0.471478 0.525898 0.026922 0.037434
0 0.255413 0.534722 0.043039 0.063489
