0 0.575571 0.420945 0.020330 0.025512
0 0.561459 0.420945 0.013155 0.025512
0 0.552251 0.422008 0.014350 0.031890
0 0.543282 0.427323 0.020330 0.029764
0 0.528932 0.431575 0.020330 0.038268
0 0.518767 0.436890 0.021526 0.036142
0 0.505612 0.436890 0.023917 0.036142
0 0.486479 0.439016 0.028701 0.057402
0 0.458974 0.443268 0.031093 0.070157
0 0.418314 0.450709 0.064577 0.102047
0 0.364500 0.473032 0.095669 0.121181
0 0.227247 0.498543 0.200970 0.223228
0 0.613480 0.416693 0.014350 0.017008
0 0.630222 0.425197 0.026309 0.029764
0 0.673273 0.437953 0.035876 0.068032
0 0.706159 0.443268 0.065773 0.091417
0 0.752798 0.464528 0.072948 0.142441
0 0.865568 0.453898 0.198514 0.261496
0 0.065374 0.543543 0.129154 0.301890
0 0.937759 0.526181 0.120783 0.287008
