0 0.617154 0.538727 0.037252 0.058585
0 0.679480 0.552736 0.047282 0.056038
0 0.805565 0.568019 0.064475 0.096793
0 0.743955 0.575661 0.113190 0.117170
0 0.390058 0.523444 0.015761 0.048396
0 0.372864 0.527265 0.027223 0.061132
0 0.338477 0.523444 0.044416 0.068774
0 0.317702 0.531085 0.048715 0.053491
0 0.296927 0.542548 0.035820 0.056038
0 0.420862 0.534906 0.045849 0.106981
0 0.584916 0.536180 0.030088 0.038208
0 0.503248 0.562925 0.150442 0.229245
0 0.913024 0.635519 0.167636 0.287830
0 0.246779 0.534906 0.093131 0.086604
0 0.647613 0.544933 0.022706 0.062791
