0 0.274359 0.282558 0.031535 0.067276
0 0.251653 0.294892 0.029013 0.096429
0 0.227055 0.293771 0.055502 0.107641
0 0.160831 0.293771 0.112266 0.156977
0 0.401131 0.304983 0.030274 0.049336
0 0.425098 0.309468 0.030274 0.053821
0 0.450327 0.322923 0.030274 0.067276
0 0.370857 0.290407 0.035320 0.029153
0 0.473411 0.324045 0.056764 0.091943
0 0.509361 0.335257 0.083254 0.114369
0 0.564233 0.371138 0.107221 0.123339
0 0.662245 0.404775 0.171553 0.217525
0 0.862601 0.441018 0.268682 0.266089
0 0.060548 0.346844 0.121096 0.219767
0 0.322545 0.282334 0.046673 0.033638
