0 0.829468 0.788791 0.339721 0.415097
0 0.643050 0.775783 0.157765 0.241205
0 0.555859 0.759142 0.074675 0.143975
0 0.517469 0.753532 0.046278 0.095360
0 0.479605 0.736517 0.061002 0.076662
0 0.439638 0.718754 0.029449 0.041136
0 0.425440 0.712209 0.015776 0.024307
0 0.409663 0.713144 0.013673 0.018698
0 0.391467 0.708844 0.008414 0.020568
0 0.383053 0.716323 0.012621 0.028047
0 0.370432 0.712583 0.016828 0.039266
0 0.357285 0.720063 0.022087 0.057964
0 0.256388 0.765686 0.077344 0.119668
0 0.137256 0.774100 0.226130 0.244945
0 0.034708 0.893581 0.069417 0.174640
