0 0.295169 0.821684 0.012915 0.022959
0 0.278640 0.829758 0.020143 0.023800
0 0.254260 0.830171 0.018080 0.027551
0 0.239624 0.836360 0.021524 0.034615
0 0.216377 0.838740 0.024968 0.035506
0 0.190892 0.841229 0.029273 0.038265
0 0.157245 0.845181 0.036683 0.045228
0 0.122114 0.851531 0.038744 0.058163
1 0.058898 0.804150 0.117796 0.143878
0 0.057959 0.878385 0.114509 0.148469
0 0.387889 0.831339 0.007749 0.019898
0 0.397628 0.832466 0.015028 0.024036
0 0.417811 0.838823 0.014133 0.032513
0 0.435030 0.840413 0.028703 0.046288
0 0.449004 0.845122 0.018505 0.045346
0 0.479403 0.843003 0.051487 0.077842
0 0.496887 0.866029 0.055461 0.074174
0 0.567236 0.858419 0.095568 0.123980
0 0.654844 0.902763 0.154574 0.154706
0 0.851981 0.923301 0.292375 0.153397
0 0.340944 0.819643 0.021524 0.022959
0 0.379487 0.827442 0.013714 0.022432
0 0.359122 0.818435 0.018275 0.028436
0 0.410546 0.836006 0.015497 0.029670
