0 0.435096 0.541417 0.015546 0.021260
0 0.450443 0.541417 0.014350 0.017008
0 0.471371 0.548858 0.034680 0.044646
0 0.608297 0.585000 0.059793 0.078661
0 0.663307 0.611575 0.110020 0.127559
0 0.376698 0.537166 0.016742 0.021260
0 0.247744 0.543543 0.029897 0.029764
0 0.123174 0.548858 0.033484 0.036142
0 0.037670 0.545669 0.056206 0.051024
0 0.076535 0.564803 0.086102 0.059528
0 0.014948 0.560551 0.029897 0.055276
0 0.412175 0.554882 0.040659 0.063780
1 0.533117 0.484725 0.098061 0.051024
0 0.807569 0.649914 0.237977 0.201969
0 0.535150 0.564449 0.096865 0.167953
