2 0.415910 0.449076 0.059407 0.110741
0 0.056886 0.483236 0.049075 0.055102
0 0.236398 0.465634 0.032717 0.041327
0 0.202389 0.469461 0.043909 0.048980
0 0.165798 0.477114 0.037883 0.070408
0 0.109405 0.482344 0.080070 0.099744
0 0.340944 0.430868 0.007749 0.010714
0 0.331904 0.430102 0.008610 0.012245
0 0.362468 0.446174 0.011193 0.013776
0 0.372800 0.460714 0.012915 0.024490
0 0.350032 0.469715 0.034344 0.054735
0 0.267331 0.463776 0.022385 0.024490
0 0.288425 0.460714 0.023246 0.033673
0 0.315545 0.485970 0.037883 0.062755
0 0.490753 0.495085 0.091263 0.166974
0 0.021094 0.507398 0.042188 0.117857
