0 0.210733 0.570526 0.024792 0.047340
0 0.235067 0.568077 0.034893 0.045707
0 0.372342 0.560732 0.021119 0.031016
0 0.393920 0.558283 0.023874 0.029383
0 0.352600 0.559099 0.025710 0.037545
0 0.315412 0.559099 0.026629 0.037545
0 0.293374 0.559915 0.030302 0.042443
0 0.259859 0.564813 0.027547 0.042443
0 0.413662 0.556651 0.019283 0.029383
0 0.439923 0.562364 0.026629 0.037545
0 0.459665 0.558283 0.016528 0.022854
0 0.713464 0.572703 0.159772 0.164873
0 0.890682 0.608071 0.215784 0.266082
0 0.112483 0.630925 0.224048 0.249758
0 0.202010 0.574607 0.030302 0.048972
