0 0.272834 0.425386 0.024571 0.039522
0 0.255282 0.427466 0.015211 0.027042
0 0.205555 0.431626 0.037442 0.039522
0 0.200874 0.449307 0.032762 0.033282
0 0.170452 0.436826 0.023401 0.037442
0 0.145296 0.440986 0.022231 0.037442
0 0.129500 0.438906 0.035102 0.029122
0 0.075092 0.421225 0.015211 0.027042
0 0.097908 0.429546 0.028082 0.018721
0 0.041745 0.423305 0.044463 0.027042
0 0.308521 0.411865 0.077225 0.074884
0 0.506263 0.456587 0.016381 0.052003
0 0.580562 0.452427 0.022231 0.043683
0 0.591093 0.471148 0.031592 0.060324
0 0.618004 0.474268 0.052653 0.074884
0 0.650181 0.451387 0.014041 0.037442
0 0.775379 0.424345 0.098286 0.045763
0 0.841488 0.453467 0.017551 0.054083
0 0.405637 0.488829 0.201252 0.220493
0 0.544290 0.464908 0.062014 0.093606
0 0.754902 0.544993 0.263266 0.249615
0 0.192684 0.453467 0.049143 0.033282
