0 0.097628 0.296575 0.039464 0.040394
0 0.141875 0.295512 0.039464 0.042520
0 0.441439 0.291260 0.026309 0.034016
0 0.422903 0.283819 0.010763 0.036142
0 0.477315 0.298701 0.026309 0.040394
0 0.485686 0.306142 0.028701 0.042520
0 0.509006 0.310394 0.029897 0.051024
0 0.519170 0.311457 0.031093 0.053150
0 0.544882 0.316772 0.032288 0.063780
0 0.578964 0.322087 0.071752 0.095669
0 0.618427 0.326339 0.064577 0.099921
0 0.703334 0.335906 0.145896 0.153071
0 0.853415 0.367795 0.237977 0.238110
0 0.967022 0.475158 0.063381 0.150945
0 0.399584 0.245551 0.019134 0.023386
0 0.407357 0.264685 0.020330 0.027638
0 0.255482 0.274252 0.027505 0.029764
