0 0.626801 0.494769 0.111128 0.126508
0 0.679928 0.456643 0.034118 0.050257
1 0.602431 0.421117 0.062388 0.072786
2 0.560515 0.430648 0.019496 0.057189
0 0.476194 0.454910 0.026320 0.043325
0 0.205197 0.510366 0.133549 0.116110
1 0.064337 0.455777 0.128675 0.176765
1 0.166692 0.460976 0.076035 0.107445
0 0.300728 0.472240 0.051665 0.064121
0 0.402108 0.454044 0.024370 0.027728
0 0.437201 0.444512 0.018521 0.022529
0 0.454260 0.443646 0.015597 0.020796
0 0.499102 0.441046 0.011698 0.022529
0 0.532732 0.435847 0.014622 0.019063
