0 0.237860 0.564061 0.029273 0.038265
0 0.297697 0.551816 0.021524 0.032143
0 0.346772 0.547224 0.023246 0.032143
0 0.355382 0.562530 0.014636 0.032143
0 0.332136 0.563295 0.019802 0.030612
0 0.317499 0.550285 0.018080 0.022959
0 0.271438 0.554112 0.036161 0.045918
0 0.699107 0.555612 0.037022 0.061225
0 0.729672 0.562500 0.041327 0.044388
0 0.772720 0.559439 0.046492 0.053571
0 0.825670 0.557143 0.076626 0.067347
0 0.201897 0.564031 0.025829 0.071939
0 0.096429 0.440817 0.191996 0.502041
0 0.523470 0.529592 0.329751 0.352041
0 0.962366 0.561000 0.071460 0.075000
