0 0.434906 0.512895 0.046507 0.069179
0 0.790082 0.610013 0.246626 0.201027
0 0.662869 0.552824 0.134523 0.162901
0 0.578061 0.534628 0.070186 0.088383
0 0.522497 0.513832 0.042892 0.050257
0 0.500076 0.512099 0.021446 0.029461
0 0.489354 0.509500 0.009748 0.031194
0 0.480093 0.506034 0.010723 0.020796
0 0.472294 0.505167 0.008773 0.022529
0 0.036555 0.547625 0.071161 0.138639
0 0.094069 0.529429 0.047766 0.123042
0 0.139885 0.528562 0.043866 0.097048
0 0.182289 0.523364 0.042892 0.076252
0 0.217870 0.512966 0.030219 0.062388
0 0.252475 0.506034 0.042892 0.062388
0 0.295854 0.503434 0.041917 0.046791
0 0.328023 0.504301 0.022421 0.027728
0 0.345569 0.497369 0.020471 0.027728
0 0.364091 0.497369 0.022421 0.034660
0 0.400348 0.496201 0.016373 0.019405
