0 0.537236 0.650037 0.021343 0.019970
0 0.556332 0.655030 0.014603 0.021967
0 0.571497 0.657027 0.015727 0.025962
0 0.585539 0.660022 0.016850 0.027959
0 0.600704 0.671006 0.020220 0.033950
0 0.629349 0.671006 0.034823 0.041938
0 0.303915 0.655529 0.046724 0.048928
0 0.221578 0.661021 0.028083 0.049926
0 0.189563 0.667012 0.056167 0.061908
0 0.052288 0.675000 0.063363 0.077885
0 0.112053 0.669009 0.107840 0.097855
0 0.667543 0.673003 0.057290 0.057914
0 0.763588 0.683987 0.103347 0.111834
0 0.249100 0.662019 0.062907 0.063905
0 0.349744 0.658025 0.024713 0.041938
0 0.512066 0.642049 0.012357 0.013979
