0 0.425203 0.549153 0.011701 0.033282
0 0.414088 0.551233 0.031592 0.041602
0 0.440414 0.544993 0.016381 0.024961
0 0.206233 0.572254 0.058169 0.042042
0 0.161938 0.584515 0.032762 0.029122
0 0.095244 0.589742 0.093606 0.068592
0 0.149067 0.565794 0.035102 0.024961
0 0.391271 0.534592 0.009361 0.020801
0 0.326742 0.534592 0.014041 0.018721
0 0.339028 0.537712 0.015211 0.020801
0 0.394606 0.569954 0.060844 0.114407
0 0.288834 0.586379 0.081605 0.105655
0 0.654362 0.602196 0.194232 0.208012
0 0.374130 0.526272 0.012871 0.018721
0 0.462178 0.552793 0.037442 0.047843
