0 0.486371 0.486749 0.009361 0.016641
0 0.514669 0.499107 0.011275 0.041357
0 0.521983 0.504517 0.014745 0.048570
0 0.530369 0.506217 0.016303 0.057792
0 0.536667 0.511072 0.015713 0.071522
0 0.588752 0.508591 0.101796 0.122727
0 0.404466 0.490909 0.018721 0.029122
0 0.451269 0.480509 0.009361 0.020801
0 0.460630 0.489869 0.018721 0.035362
0 0.475256 0.491950 0.010531 0.022881
0 0.436058 0.496110 0.030422 0.043683
0 0.379154 0.493128 0.026912 0.052003
0 0.365988 0.499143 0.021561 0.043089
0 0.356494 0.501310 0.025742 0.049923
0 0.332507 0.500270 0.040952 0.064484
0 0.310861 0.514415 0.035102 0.058243
0 0.278840 0.519982 0.049922 0.075340
0 0.231125 0.522758 0.065181 0.109459
0 0.150597 0.541205 0.128865 0.121251
0 0.508778 0.497697 0.010650 0.033359
0 0.497621 0.495893 0.018764 0.036965
