0 0.469378 0.741614 0.017938 0.027638
0 0.449048 0.753307 0.025113 0.038268
0 0.434697 0.745866 0.013155 0.019134
0 0.413770 0.746929 0.031093 0.042520
0 0.389255 0.751181 0.020330 0.029764
0 0.370719 0.750118 0.016742 0.023386
0 0.315195 0.767750 0.048863 0.068910
0 0.486718 0.737362 0.028701 0.048898
0 0.516614 0.738425 0.016742 0.021260
0 0.540532 0.730984 0.014350 0.019134
0 0.601726 0.751848 0.042873 0.072800
0 0.648758 0.761811 0.101649 0.102047
0 0.192719 0.801111 0.098523 0.104792
0 0.123174 0.777579 0.055010 0.063780
0 0.079009 0.851670 0.158019 0.218551
0 0.809602 0.774921 0.222431 0.267874
