0 0.388623 0.523421 0.024063 0.048518
0 0.352433 0.532146 0.022654 0.058685
0 0.334983 0.536281 0.022309 0.062353
0 0.294226 0.538474 0.066070 0.082373
0 0.208506 0.541351 0.087521 0.150740
0 0.104682 0.550932 0.137288 0.184576
0 0.411721 0.518898 0.023167 0.032034
0 0.368615 0.529844 0.018771 0.054082
0 0.473730 0.529932 0.011155 0.030508
0 0.483597 0.539847 0.017161 0.035085
0 0.509682 0.550678 0.041186 0.057966
0 0.462060 0.516356 0.014587 0.028983
0 0.713898 0.597966 0.027458 0.036610
0 0.020432 0.586340 0.040865 0.184511
0 0.380589 0.531570 0.012945 0.046027
