0 0.339659 0.275859 0.011865 0.016406
0 0.313291 0.291094 0.014502 0.028125
0 0.300108 0.291094 0.017139 0.032812
0 0.289561 0.299297 0.017139 0.021094
0 0.277037 0.308672 0.018457 0.035156
0 0.393711 0.284062 0.011865 0.018750
0 0.393711 0.296953 0.009229 0.021094
0 0.408213 0.300469 0.025049 0.032812
0 0.460288 0.343828 0.044824 0.105469
0 0.528843 0.355547 0.118652 0.161719
0 0.573008 0.403593 0.127881 0.145312
0 0.709458 0.457500 0.253125 0.239062
0 0.327793 0.278203 0.014502 0.021094
0 0.379869 0.275859 0.015820 0.021094
0 0.417442 0.319219 0.030322 0.046875
0 0.251988 0.321562 0.044824 0.056250
0 0.869639 0.606328 0.259717 0.475781
