0 0.477062 0.598282 0.013918 0.022680
0 0.458505 0.599313 0.009278 0.016495
0 0.447487 0.602406 0.012758 0.022680
0 0.437049 0.608591 0.017397 0.043299
0 0.497938 0.599313 0.011598 0.028866
0 0.510696 0.601375 0.025515 0.057732
0 0.529833 0.604467 0.026675 0.059794
0 0.548389 0.605498 0.026675 0.082474
0 0.421392 0.617870 0.023196 0.057732
0 0.410954 0.628179 0.018557 0.053608
0 0.389497 0.633333 0.038273 0.092784
0 0.353157 0.646048 0.068428 0.119588
0 0.274567 0.672577 0.157732 0.206186
0 0.595830 0.606598 0.078866 0.164948
0 0.469992 0.603505 0.012758 0.026804
0 0.660778 0.616907 0.139175 0.177320
0 0.134258 0.731637 0.268515 0.350516
0 0.039734 0.856379 0.079469 0.282474
