0 0.408213 0.415312 0.011865 0.032812
0 0.394370 0.415312 0.021094 0.042187
0 0.551914 0.404765 0.030322 0.035156
0 0.617173 0.423515 0.026367 0.063281
0 0.648154 0.424687 0.061963 0.098437
0 0.677158 0.431718 0.059326 0.103125
0 0.716050 0.444609 0.087012 0.114844
0 0.119493 0.485625 0.104150 0.089062
0 0.208482 0.462187 0.063281 0.079687
0 0.265171 0.453984 0.063281 0.072656
0 0.369981 0.422343 0.030322 0.046875
0 0.478086 0.463359 0.138428 0.250781
0 0.811631 0.498515 0.228076 0.232031
0 0.041619 0.509062 0.083238 0.121875
