0 0.399184 0.419384 0.014622 0.027728
0 0.370914 0.415052 0.012673 0.015597
0 0.359704 0.415918 0.005849 0.017330
0 0.346544 0.413319 0.020471 0.036393
0 0.335821 0.420250 0.022421 0.029461
0 0.257349 0.421117 0.027295 0.048524
0 0.218844 0.420250 0.055564 0.071053
0 0.160356 0.432381 0.075060 0.074519
0 0.098943 0.410719 0.063363 0.051990
0 0.427453 0.422850 0.045816 0.062388
0 0.469857 0.419384 0.015597 0.027728
0 0.488379 0.420250 0.011698 0.019063
0 0.500076 0.417651 0.013647 0.027728
0 0.518110 0.426316 0.032169 0.038126
0 0.825662 0.446245 0.107229 0.074519
0 0.935816 0.444512 0.120876 0.091849
