0 0.025011 0.722174 0.050022 0.262230
0 0.920026 0.686967 0.158431 0.293795
0 0.123347 0.560708 0.246695 0.352069
0 0.244646 0.525501 0.107897 0.203957
0 0.304058 0.530358 0.049168 0.121403
0 0.312252 0.490295 0.079215 0.114119
0 0.358006 0.490295 0.025950 0.065558
0 0.671453 0.536428 0.147505 0.167536
0 0.569702 0.508505 0.077850 0.097122
0 0.519168 0.493937 0.042339 0.063130
0 0.498682 0.495151 0.023218 0.050989
0 0.491853 0.485438 0.031413 0.050989
0 0.472049 0.474512 0.010926 0.029137
0 0.463171 0.474512 0.009560 0.029137
0 0.456342 0.469656 0.012292 0.019424
0 0.379176 0.487867 0.016389 0.031565
0 0.388736 0.475900 0.019121 0.036768
0 0.403760 0.470870 0.010926 0.021853
