0 0.592279 0.533393 0.059253 0.073460
0 0.570449 0.546560 0.034304 0.047125
0 0.538873 0.533393 0.049118 0.070688
0 0.490145 0.536165 0.088880 0.095637
0 0.518212 0.547253 0.076405 0.087320
0 0.416859 0.529235 0.084202 0.081776
0 0.376707 0.531314 0.067829 0.077618
0 0.342402 0.531314 0.075626 0.085934
0 0.316284 0.542402 0.070168 0.088706
0 0.295234 0.540323 0.067050 0.081776
0 0.272624 0.541016 0.071727 0.091478
0 0.232472 0.544481 0.094337 0.095637
0 0.189592 0.543788 0.102134 0.108111
0 0.115526 0.521612 0.137997 0.124743
0 0.078882 0.536858 0.136438 0.160780
0 0.051984 0.554877 0.102913 0.185729
0 0.634164 0.554137 0.104472 0.102567
0 0.658722 0.565919 0.116167 0.103953
0 0.675095 0.570770 0.113049 0.133059
0 0.721484 0.572156 0.151251 0.149692
0 0.826190 0.596411 0.312326 0.214836
0 0.939473 0.685811 0.120065 0.227310
