0 0.524888 0.601171 0.010547 0.011719
0 0.509727 0.604687 0.011865 0.023437
0 0.487315 0.601171 0.014502 0.030469
0 0.537412 0.601171 0.011865 0.021094
0 0.549278 0.598828 0.017139 0.030469
0 0.428648 0.671484 0.137109 0.217969
0 0.646836 0.714843 0.127881 0.234375
0 0.795811 0.708984 0.159521 0.189844
0 0.898643 0.772265 0.191162 0.297656
0 0.984995 0.841406 0.029004 0.178125
0 0.338340 0.605859 0.022412 0.030469
0 0.302745 0.605859 0.051416 0.053906
0 0.255284 0.598828 0.043506 0.053906
0 0.214415 0.611718 0.093603 0.079687
0 0.195958 0.625781 0.088330 0.089062
0 0.145860 0.619921 0.106787 0.114844
0 0.095103 0.628125 0.108105 0.121875
0 0.051507 0.636328 0.103013 0.152344
