0 0.457518 0.441274 0.023139 0.039266
0 0.435431 0.434730 0.023139 0.029917
0 0.406266 0.441274 0.030984 0.054224
0 0.375218 0.440340 0.029449 0.033657
0 0.343665 0.437535 0.023139 0.043006
0 0.295283 0.443144 0.044174 0.065443
0 0.212214 0.451091 0.078317 0.070118
0 0.096237 0.449689 0.036812 0.029917
0 0.055218 0.457168 0.049433 0.029917
0 0.008414 0.477736 0.016828 0.056094
0 0.666294 0.457168 0.051537 0.071053
0 0.737250 0.507421 0.076176 0.149122
0 0.857382 0.526187 0.243343 0.302581
0 0.561656 0.578686 0.242904 0.330917
