0 0.758401 0.490437 0.132574 0.149037
0 0.625827 0.465308 0.044841 0.053723
0 0.549304 0.474840 0.053614 0.069320
0 0.149633 0.455777 0.053614 0.055456
0 0.595608 0.446245 0.021446 0.032927
0 0.519573 0.437580 0.025345 0.022529
0 0.975455 0.528562 0.048085 0.114377
0 0.908034 0.508633 0.117952 0.095315
0 0.835898 0.480905 0.053614 0.081451
0 0.701862 0.448845 0.019496 0.027728
0 0.688214 0.444512 0.015597 0.019063
0 0.677979 0.443646 0.014622 0.020796
0 0.664332 0.444512 0.022421 0.022529
0 0.582448 0.437580 0.010723 0.015597
0 0.561977 0.426316 0.008773 0.013864
0 0.539556 0.430648 0.012673 0.012131
0 0.376763 0.435847 0.038018 0.032927
