0 0.469857 0.443992 0.015597 0.017330
0 0.515673 0.442259 0.015597 0.031194
0 0.535657 0.439660 0.030219 0.071053
0 0.449874 0.445725 0.016572 0.027728
0 0.428915 0.442259 0.023395 0.038126
0 0.408444 0.445725 0.025345 0.048524
0 0.382612 0.449191 0.036068 0.058922
0 0.352393 0.452657 0.045816 0.093582
0 0.306577 0.466521 0.075060 0.128241
0 0.205684 0.483851 0.165717 0.183697
0 0.749140 0.506380 0.209584 0.207959
0 0.585860 0.470854 0.103330 0.143838
0 0.064825 0.541040 0.129649 0.256483
0 0.889025 0.619025 0.220307 0.447112
