0 0.436483 0.420146 0.031553 0.028047
0 0.395990 0.426690 0.032605 0.044875
0 0.383895 0.438844 0.033657 0.046745
0 0.365489 0.447258 0.032605 0.063573
0 0.342876 0.457542 0.042071 0.076662
0 0.313426 0.471565 0.052588 0.089751
0 0.505644 0.411853 0.020760 0.048526
0 0.517941 0.417376 0.017249 0.068143
0 0.529833 0.416074 0.021035 0.076662
0 0.546210 0.419080 0.033539 0.105622
0 0.572562 0.423339 0.044080 0.141397
1 0.193525 0.454550 0.210353 0.203809
0 0.656747 0.411414 0.188104 0.281090
0 0.836124 0.473118 0.326688 0.546098
0 0.148582 0.700056 0.297163 0.549723
