0 0.083113 0.329315 0.039464 0.036142
0 0.063979 0.326339 0.037072 0.044646
0 0.044845 0.331654 0.046639 0.055276
0 0.022721 0.332717 0.045443 0.057402
0 0.009567 0.342284 0.019134 0.046772
0 0.098659 0.353976 0.063381 0.057402
0 0.177586 0.342284 0.020330 0.021260
0 0.160844 0.344410 0.017938 0.025512
0 0.147092 0.346536 0.014350 0.025512
0 0.135133 0.346536 0.023917 0.029764
1 0.300760 0.340158 0.056206 0.068032
0 0.650432 0.380551 0.029897 0.029764
0 0.681046 0.393307 0.034680 0.042520
0 0.724695 0.395433 0.062185 0.063780
0 0.457419 0.361417 0.020330 0.017008
0 0.473563 0.364606 0.011959 0.019134
0 0.431110 0.355039 0.027505 0.025512
0 0.405997 0.353976 0.020330 0.027638
0 0.491501 0.362480 0.009567 0.019134
