0 0.426823 0.488906 0.032138 0.050605
0 0.399276 0.493259 0.032138 0.053869
0 0.460098 0.497068 0.017446 0.037545
0 0.587666 0.498467 0.009182 0.031016
0 0.603735 0.500916 0.021119 0.042443
0 0.618427 0.500099 0.017446 0.044075
0 0.644596 0.496018 0.053257 0.065296
0 0.473806 0.500099 0.012855 0.034281
0 0.515585 0.495202 0.021119 0.031016
0 0.371716 0.503342 0.044075 0.057134
0 0.549560 0.492171 0.033056 0.053869
0 0.670307 0.509311 0.056012 0.068561
0 0.095088 0.627632 0.189155 0.388513
0 0.112075 0.540752 0.061521 0.058767
