0 0.393711 0.545390 0.019775 0.025781
0 0.406236 0.537187 0.010547 0.018750
0 0.422056 0.536015 0.015820 0.030469
0 0.522910 0.541875 0.032959 0.051562
0 0.542686 0.536015 0.011865 0.025781
0 0.549937 0.539531 0.015820 0.032812
0 0.563120 0.536015 0.018457 0.035156
0 0.575645 0.537187 0.017139 0.037500
0 0.643540 0.539285 0.058008 0.074509
0 0.696934 0.562968 0.046143 0.065625
0 0.784605 0.523125 0.150293 0.117187
0 0.290220 0.559453 0.058008 0.110156
0 0.308018 0.532500 0.085693 0.145312
0 0.592009 0.537187 0.034046 0.056250
0 0.466880 0.540703 0.084375 0.185156
0 0.211778 0.572343 0.148975 0.159375
0 0.816904 0.622734 0.225439 0.208594
0 0.015342 0.698906 0.030322 0.150000
0 0.979722 0.618046 0.039551 0.180469
