0 0.845556 0.513220 0.302072 0.348066
0 0.630890 0.515706 0.216764 0.208840
0 0.523207 0.427636 0.149637 0.205975
0 0.433005 0.444850 0.058736 0.082044
0 0.403636 0.433662 0.025173 0.064641
0 0.390351 0.424961 0.026571 0.042265
0 0.369405 0.394609 0.020914 0.036258
0 0.031204 0.468469 0.062407 0.084530
0 0.089235 0.449233 0.073235 0.075893
0 0.151211 0.428690 0.054541 0.069613
0 0.224631 0.395126 0.030767 0.042265
0 0.239802 0.381570 0.019155 0.035041
0 0.364479 0.371507 0.011188 0.024862
0 0.254614 0.369934 0.017447 0.031017
