0 0.059088 0.586648 0.118176 0.250195
0 0.180488 0.468480 0.360976 0.329877
0 0.338366 0.394327 0.188674 0.231468
0 0.460770 0.375616 0.054575 0.058214
0 0.493905 0.367300 0.028847 0.047125
0 0.504827 0.361197 0.019503 0.046009
0 0.557447 0.369379 0.015593 0.023563
0 0.592141 0.378388 0.013254 0.027721
0 0.790950 0.438681 0.069388 0.070688
0 0.746900 0.426899 0.059253 0.072074
0 0.700901 0.404723 0.040542 0.052669
0 0.676732 0.393634 0.032745 0.052669
0 0.654123 0.392248 0.023389 0.033265
0 0.638530 0.388090 0.018711 0.030493
0 0.623716 0.380467 0.017152 0.020791
0 0.575390 0.375787 0.028090 0.036379
0 0.533278 0.363835 0.017152 0.029107
0 0.855661 0.461550 0.100574 0.091478
0 0.546921 0.364528 0.010135 0.024949
