0 0.438374 0.630420 0.014941 0.037500
0 0.418599 0.639795 0.035156 0.087500
0 0.392671 0.647607 0.058887 0.125000
0 0.317911 0.652295 0.132821 0.250000
0 0.202828 0.713232 0.290918 0.350000
0 0.581636 0.635107 0.025488 0.034375
0 0.630415 0.631982 0.073828 0.100000
0 0.688863 0.651514 0.078223 0.123437
0 0.738521 0.667139 0.101953 0.129687
0 0.850142 0.685889 0.182812 0.220312
0 0.072190 0.814795 0.144380 0.365625
0 0.951216 0.747607 0.094922 0.212500
0 0.502365 0.621175 0.024426 0.034739
0 0.558545 0.630480 0.019541 0.043424
