0 0.363603 0.312805 0.074085 0.098781
0 0.446949 0.296342 0.032169 0.051990
0 0.062875 0.321470 0.059463 0.046791
0 0.246139 0.301541 0.034118 0.027728
0 0.410394 0.298941 0.021446 0.043325
0 0.471497 0.293017 0.014977 0.021079
0 0.716187 0.289817 0.086376 0.059737
0 0.779359 0.285944 0.038018 0.072786
0 0.765712 0.269480 0.022421 0.019063
0 0.086758 0.302407 0.079934 0.057189
0 0.135011 0.307606 0.022421 0.036393
0 0.155969 0.303274 0.019496 0.024262
0 0.171566 0.303274 0.015597 0.024262
0 0.188138 0.304140 0.019496 0.022529
0 0.204222 0.305007 0.016572 0.020796
0 0.217870 0.303274 0.012673 0.024262
0 0.024370 0.307606 0.046791 0.046791
0 0.578435 0.292390 0.021635 0.034739
0 0.590648 0.304177 0.027916 0.038462
0 0.295440 0.298594 0.053040 0.034739
