0 0.357299 0.424376 0.014558 0.022647
0 0.295854 0.441046 0.012673 0.025995
0 0.288543 0.447112 0.011698 0.020796
0 0.273434 0.457510 0.020471 0.062388
0 0.254243 0.464279 0.028880 0.082858
0 0.230055 0.463575 0.042892 0.129974
0 0.491791 0.464442 0.014622 0.034660
0 0.519085 0.498235 0.057514 0.098781
0 0.175953 0.465308 0.108204 0.143838
0 0.326561 0.477104 0.079934 0.141043
0 0.453773 0.519898 0.092607 0.107445
0 0.600482 0.537227 0.105279 0.135173
0 0.906571 0.776380 0.179365 0.305007
0 0.403706 0.479781 0.043677 0.065515
0 0.435326 0.455516 0.029573 0.033162
0 0.388237 0.453898 0.020018 0.031544
0 0.381868 0.435295 0.012739 0.018603
0 0.390512 0.424781 0.015469 0.021838
0 0.378910 0.426398 0.012284 0.013750
0 0.376863 0.405773 0.009099 0.012941
