0 0.004874 0.712260 0.009748 0.058922
0 0.016084 0.703595 0.032169 0.069320
0 0.047767 0.708549 0.035096 0.051501
0 0.066285 0.704663 0.018735 0.040262
0 0.581086 0.740349 0.199063 0.184421
0 0.460597 0.725257 0.073111 0.109178
0 0.407470 0.726990 0.054589 0.091849
0 0.366528 0.729590 0.035093 0.062388
0 0.323454 0.721867 0.019308 0.043736
0 0.315874 0.718157 0.026320 0.046791
0 0.289663 0.714411 0.021446 0.032031
0 0.273755 0.712911 0.022458 0.032496
0 0.258961 0.708242 0.009981 0.021555
0 0.250444 0.704841 0.015761 0.023288
0 0.237964 0.699939 0.011477 0.020416
0 0.137935 0.705328 0.030219 0.041592
0 0.297282 0.719970 0.022458 0.032321
0 0.344159 0.725357 0.024953 0.044362
