0 0.453516 0.592575 0.008172 0.012744
0 0.425803 0.588750 0.018008 0.025985
0 0.388736 0.587417 0.013658 0.021853
0 0.345714 0.584989 0.017755 0.031565
0 0.332056 0.581347 0.012292 0.029137
0 0.276059 0.580133 0.025950 0.046133
0 0.084849 0.575277 0.091507 0.104407
0 0.438385 0.589134 0.011086 0.022422
0 0.226401 0.575435 0.009579 0.029269
0 0.401711 0.591059 0.015024 0.019424
0 0.414351 0.589282 0.010257 0.020727
0 0.366884 0.584989 0.032779 0.046133
0 0.306789 0.587417 0.051900 0.055845
0 0.178405 0.577705 0.106531 0.118975
0 0.026121 0.543712 0.028681 0.026709
0 0.261521 0.563494 0.008666 0.010014
0 0.547850 0.571635 0.020487 0.019424
0 0.462908 0.585672 0.008253 0.012577
