0 0.528852 0.528577 0.011477 0.021210
0 0.538127 0.532222 0.007007 0.020489
0 0.545526 0.531430 0.014995 0.022073
0 0.567788 0.532798 0.018510 0.043423
0 0.574792 0.539830 0.009564 0.028904
0 0.584356 0.542381 0.013389 0.034005
0 0.597267 0.544931 0.014346 0.056108
0 0.633610 0.540680 0.062165 0.115617
0 0.507366 0.530479 0.029648 0.044207
0 0.389252 0.529629 0.091814 0.137720
0 0.241489 0.554282 0.111898 0.108816
0 0.084641 0.589988 0.169281 0.166625
0 0.473770 0.530306 0.004538 0.016656
0 0.453346 0.531403 0.036311 0.052856
0 0.921372 0.615070 0.152811 0.343724
0 0.557951 0.536718 0.008006 0.036679
0 0.477579 0.530422 0.005543 0.015328
