0 0.491441 0.607959 0.008265 0.014694
0 0.501256 0.615306 0.017564 0.025714
0 0.516754 0.623571 0.021696 0.038571
0 0.532768 0.632755 0.035128 0.045918
0 0.443677 0.605417 0.010809 0.012430
0 0.414756 0.622429 0.009870 0.013420
0 0.404138 0.624803 0.011363 0.018994
0 0.388897 0.636728 0.024426 0.057082
0 0.555842 0.632755 0.045459 0.067959
0 0.620414 0.650204 0.118814 0.143265
0 0.339320 0.650466 0.082653 0.106531
0 0.468539 0.598775 0.022730 0.025714
0 0.485587 0.586837 0.013431 0.020204
0 0.825826 0.683041 0.344043 0.314082
