0 0.432586 0.586957 0.042347 0.099527
0 0.402081 0.608011 0.061726 0.133979
0 0.567235 0.558885 0.021102 0.030624
0 0.572402 0.569093 0.013637 0.035728
0 0.513763 0.558885 0.011484 0.017864
0 0.507590 0.564627 0.014929 0.024244
0 0.527400 0.551867 0.007177 0.011484
0 0.584819 0.575473 0.031581 0.045936
0 0.617692 0.585681 0.058855 0.086768
0 0.629894 0.602269 0.040194 0.096975
0 0.864166 0.692226 0.232550 0.302410
0 0.318464 0.625875 0.162928 0.195227
0 0.491728 0.567179 0.026557 0.039556
0 0.693657 0.614773 0.118428 0.150567
0 0.114745 0.700903 0.229490 0.381522
0 0.956157 0.784106 0.085412 0.223299
0 0.554698 0.568668 0.025121 0.045936
