0 0.177371 0.500601 0.016840 0.029457
0 0.194658 0.499159 0.024066 0.034039
0 0.343525 0.511563 0.037270 0.062263
0 0.392807 0.509691 0.075765 0.097959
0 0.508277 0.517857 0.153253 0.226531
0 0.663252 0.572959 0.349554 0.401021
0 0.259026 0.543112 0.130006 0.176020
0 0.925959 0.789541 0.144867 0.365816
2 0.702856 0.424490 0.454592 0.391837
0 0.981059 0.517446 0.037883 0.071939
0 0.160353 0.502590 0.030574 0.047559
0 0.126913 0.480509 0.043950 0.050956
0 0.104971 0.490390 0.011229 0.023290
0 0.092806 0.490057 0.012352 0.015970
0 0.079518 0.487063 0.011978 0.013974
0 0.067728 0.488727 0.013849 0.013308
0 0.054253 0.489392 0.012352 0.014639
0 0.040217 0.492719 0.017218 0.018632
