0 0.386981 0.554211 0.024979 0.021316
0 0.363409 0.557722 0.010534 0.017845
0 0.333026 0.550658 0.022981 0.028421
0 0.293157 0.556249 0.035168 0.043155
0 0.220618 0.553322 0.027977 0.040855
0 0.464827 0.561206 0.020476 0.027623
0 0.482965 0.559584 0.011587 0.017757
0 0.533496 0.556923 0.018984 0.028421
0 0.748184 0.548882 0.075938 0.060395
0 0.820625 0.547105 0.080933 0.067500
0 0.890446 0.543553 0.053198 0.071053
0 0.960010 0.547105 0.079934 0.071053
0 0.042765 0.615493 0.083931 0.207829
0 0.513345 0.556569 0.013358 0.018169
0 0.499437 0.560972 0.013403 0.018726
