0 0.547736 0.142239 0.025810 0.024471
0 0.576127 0.143259 0.018353 0.018353
0 0.617136 0.139690 0.036133 0.043844
0 0.668181 0.149377 0.049899 0.046903
0 0.764824 0.155495 0.094062 0.079532
0 0.154762 0.180476 0.055634 0.061178
0 0.103270 0.186601 0.034562 0.035683
0 0.036843 0.188633 0.051046 0.042825
0 0.229096 0.215143 0.137078 0.142749
0 0.401446 0.164162 0.010324 0.030589
0 0.354416 0.154475 0.022942 0.027530
0 0.330040 0.161613 0.037280 0.056080
0 0.382869 0.166601 0.032552 0.039598
0 0.425822 0.171299 0.052193 0.091767
