0 0.148015 0.698207 0.296030 0.339371
0 0.846331 0.624593 0.270203 0.281978
0 0.620126 0.528374 0.037497 0.054564
0 0.313575 0.612740 0.165631 0.195887
0 0.389373 0.578429 0.099659 0.139741
0 0.459204 0.560337 0.054041 0.083595
0 0.494345 0.550604 0.040104 0.034185
0 0.487628 0.532888 0.029477 0.018715
0 0.513049 0.536811 0.029788 0.044028
0 0.538967 0.535059 0.010036 0.009506
0 0.586712 0.523771 0.014359 0.021942
0 0.712177 0.569570 0.108081 0.153466
0 0.663049 0.553974 0.040706 0.109797
0 0.565730 0.531891 0.009268 0.014576
0 0.602090 0.529673 0.012120 0.039292
