0 0.915007 0.578443 0.169540 0.142580
0 0.054111 0.480983 0.106597 0.240040
0 0.649022 0.510762 0.108627 0.126337
0 0.559176 0.488202 0.048730 0.070388
0 0.522655 0.481900 0.030456 0.043316
0 0.476042 0.471765 0.022560 0.041124
0 0.427707 0.484592 0.088323 0.164238
0 0.141418 0.479178 0.102536 0.138971
0 0.219589 0.459325 0.114718 0.128142
0 0.281517 0.471959 0.041624 0.081217
0 0.303344 0.472861 0.040608 0.075802
0 0.322039 0.462072 0.035521 0.070824
0 0.383541 0.460829 0.011430 0.023043
0 0.593284 0.496878 0.021500 0.045502
0 0.499352 0.473672 0.015869 0.020931
0 0.713320 0.526813 0.042471 0.068640
