0 0.415464 0.469218 0.018457 0.028125
0 0.390415 0.479765 0.026367 0.035156
0 0.365531 0.498849 0.022446 0.041559
0 0.347569 0.499687 0.030322 0.046875
0 0.643366 0.496271 0.013184 0.035156
0 0.407259 0.505868 0.050098 0.058463
0 0.457659 0.506323 0.050112 0.064833
0 0.582893 0.479791 0.019495 0.028684
0 0.660996 0.497753 0.032959 0.037500
0 0.129380 0.519609 0.147656 0.091406
0 0.310655 0.511406 0.059326 0.056250
1 0.473472 0.456328 0.034277 0.039844
0 0.025139 0.534843 0.050279 0.084375
0 0.938852 0.577031 0.121289 0.131250
0 0.505495 0.493693 0.035321 0.048232
0 0.635313 0.493063 0.008824 0.026382
0 0.622880 0.487715 0.020054 0.027095
0 0.612452 0.487359 0.005615 0.019252
0 0.608441 0.483081 0.010428 0.022104
0 0.605232 0.478089 0.008824 0.019252
