0 0.362876 0.421437 0.016828 0.022438
0 0.342775 0.424276 0.014524 0.023345
0 0.438575 0.437253 0.018908 0.026860
0 0.291914 0.438918 0.019719 0.025263
0 0.256590 0.456593 0.036740 0.038448
0 0.218417 0.461219 0.046278 0.048615
0 0.163024 0.455610 0.061002 0.082272
0 0.096237 0.473061 0.083090 0.089751
0 0.029449 0.500173 0.058899 0.114058
0 0.408340 0.422095 0.013075 0.019041
0 0.489076 0.452742 0.014261 0.037152
0 0.510893 0.444640 0.038679 0.068215
0 0.549070 0.450207 0.059829 0.085145
0 0.655426 0.510457 0.238751 0.235596
0 0.398302 0.418182 0.007800 0.018201
