0 0.488009 0.425244 0.009748 0.024262
0 0.513204 0.429917 0.012372 0.031627
0 0.523533 0.428225 0.010744 0.031709
0 0.532863 0.431031 0.016403 0.036001
0 0.543380 0.433218 0.012707 0.041532
0 0.566015 0.425367 0.041917 0.060655
0 0.601944 0.436714 0.039967 0.076252
0 0.279060 0.434102 0.016224 0.034548
0 0.256528 0.433614 0.036977 0.037603
0 0.223314 0.433100 0.033143 0.048524
0 0.153303 0.425797 0.028143 0.039963
0 0.186736 0.433964 0.052118 0.067875
0 0.647760 0.447978 0.082859 0.102247
1 0.698959 0.413638 0.035092 0.067046
1 0.722333 0.414827 0.023395 0.078605
1 0.751069 0.414185 0.051665 0.093582
1 0.884151 0.410719 0.079934 0.100514
1 0.933866 0.419384 0.130624 0.110911
0 0.012673 0.425449 0.025345 0.053723
0 0.497268 0.425507 0.018572 0.028890
1 0.679453 0.401284 0.013066 0.033682
1 0.662793 0.395476 0.016333 0.022068
