0 0.354592 0.321544 0.079215 0.126259
0 0.467708 0.326721 0.050337 0.076585
0 0.397614 0.325187 0.025950 0.075270
0 0.414020 0.317385 0.028715 0.074236
0 0.431273 0.316508 0.018934 0.053057
0 0.493177 0.309561 0.017673 0.042108
0 0.032169 0.343356 0.064337 0.083830
2 0.104725 0.323568 0.055800 0.053175
0 0.555532 0.312006 0.055997 0.033993
1 0.632058 0.294928 0.058031 0.065368
0 0.240600 0.310078 0.038232 0.021094
0 0.153683 0.326348 0.066242 0.055641
0 0.286743 0.312422 0.035596 0.021094
0 0.077882 0.349152 0.092555 0.076252
