0 0.409457 0.641163 0.028306 0.043380
0 0.437623 0.578690 0.011023 0.015381
0 0.451495 0.573176 0.010304 0.015321
0 0.480545 0.622389 0.027175 0.022996
0 0.518776 0.657647 0.036114 0.052057
0 0.414724 0.600239 0.014552 0.021558
0 0.411627 0.608252 0.013817 0.021548
0 0.405707 0.615080 0.020806 0.018978
0 0.388960 0.640295 0.016593 0.045116
0 0.369927 0.643766 0.033186 0.048586
0 0.348453 0.650707 0.017569 0.045116
0 0.321065 0.663234 0.044780 0.066700
0 0.283460 0.671570 0.033991 0.072961
0 0.242063 0.677602 0.074181 0.095437
0 0.172763 0.700160 0.134696 0.133612
0 0.468021 0.683676 0.082965 0.114524
0 0.620286 0.691484 0.122007 0.123200
0 0.418708 0.591924 0.012126 0.019710
0 0.453182 0.567902 0.007622 0.011087
0 0.476285 0.608931 0.022059 0.022817
0 0.474480 0.603583 0.022461 0.024956
