0 0.329469 0.564362 0.043642 0.069447
0 0.574264 0.527099 0.010518 0.020568
0 0.608131 0.536352 0.021878 0.027864
0 0.638636 0.506903 0.021035 0.016828
0 0.648442 0.534484 0.048224 0.036092
0 0.669240 0.540564 0.068365 0.043006
0 0.692102 0.511352 0.010597 0.013476
0 0.778833 0.511918 0.017880 0.022438
0 0.797999 0.512612 0.014747 0.017233
0 0.839195 0.508112 0.027812 0.026233
0 0.917561 0.526164 0.042071 0.033657
0 0.869706 0.515880 0.028398 0.028047
0 0.961421 0.520812 0.035239 0.035059
0 0.450156 0.583380 0.200887 0.315997
0 0.074867 0.631001 0.145144 0.329086
0 0.641811 0.524829 0.042114 0.032942
0 0.812993 0.510889 0.013637 0.019252
