0 0.010531 0.712325 0.018877 0.129661
0 0.059440 0.705461 0.096102 0.128136
0 0.241775 0.668851 0.055773 0.054915
0 0.736442 0.704698 0.217945 0.218136
0 0.498761 0.662749 0.042903 0.061017
0 0.475165 0.650545 0.042044 0.051864
0 0.328438 0.647495 0.014587 0.027458
0 0.551532 0.667325 0.069502 0.100678
0 0.898613 0.711562 0.197352 0.363051
0 0.181712 0.679528 0.083231 0.088475
0 0.296262 0.657410 0.032606 0.032034
0 0.317713 0.651308 0.010297 0.025932
0 0.416691 0.638935 0.013729 0.024407
0 0.436426 0.646562 0.029174 0.039661
0 0.356627 0.638172 0.034322 0.035085
