0 0.525909 0.504301 0.020471 0.024262
0 0.508850 0.506034 0.013647 0.020796
0 0.557590 0.515565 0.031194 0.050257
0 0.577574 0.523364 0.036068 0.041592
0 0.607305 0.528562 0.042892 0.103980
0 0.660920 0.551958 0.132574 0.147304
0 0.488866 0.501701 0.016572 0.022529
0 0.472782 0.501701 0.011698 0.022529
0 0.440126 0.507767 0.020471 0.038126
0 0.372377 0.524230 0.062388 0.136906
0 0.287568 0.566688 0.132574 0.214891
0 0.836873 0.628210 0.256374 0.279012
0 0.114540 0.582285 0.229080 0.440180
0 0.935816 0.703595 0.124775 0.353530
