0 0.656826 0.646233 0.087733 0.140372
0 0.732373 0.671361 0.143297 0.197561
0 0.878594 0.702555 0.240778 0.412452
0 0.359119 0.645366 0.007798 0.027728
0 0.343522 0.642767 0.027295 0.046791
0 0.494130 0.623704 0.010723 0.015597
0 0.528736 0.629769 0.007798 0.020796
0 0.484382 0.620238 0.012673 0.022529
0 0.474634 0.634102 0.016572 0.029461
0 0.538484 0.629769 0.025345 0.031194
0 0.508752 0.628036 0.020471 0.034660
0 0.447827 0.643633 0.040942 0.048524
0 0.310379 0.647966 0.046791 0.053723
0 0.382612 0.640340 0.036068 0.039859
