0 0.258356 0.598518 0.257973 0.272177
0 0.080323 0.603942 0.159989 0.273538
0 0.374074 0.527344 0.055116 0.074849
0 0.379815 0.508291 0.081908 0.069405
0 0.531256 0.491280 0.013779 0.024496
0 0.501019 0.498765 0.011482 0.020413
0 0.461596 0.498765 0.010717 0.042188
0 0.596324 0.482435 0.016841 0.028579
0 0.613165 0.493322 0.030620 0.044909
0 0.632302 0.481074 0.012248 0.028579
0 0.699411 0.500807 0.035213 0.062601
0 0.727734 0.496043 0.036744 0.050353
0 0.565704 0.524282 0.078081 0.108871
0 0.661008 0.507271 0.069660 0.085736
0 0.517477 0.500466 0.026027 0.036744
1 0.479585 0.503869 0.035978 0.073488
0 0.945519 0.512601 0.089563 0.119758
0 0.955726 0.611719 0.082674 0.383770
