0 0.502106 0.574857 0.015211 0.022881
0 0.512637 0.574857 0.015211 0.027042
0 0.515562 0.574857 0.016381 0.027042
0 0.523753 0.580058 0.018721 0.037442
0 0.534283 0.585258 0.018721 0.043683
0 0.544229 0.591498 0.019891 0.052003
0 0.584596 0.572777 0.070204 0.131048
0 0.607413 0.606059 0.071374 0.093606
0 0.641930 0.633101 0.081905 0.118567
0 0.709794 0.653902 0.147429 0.197612
0 0.864243 0.697585 0.269116 0.330740
0 0.401480 0.576937 0.017551 0.027042
0 0.386854 0.579018 0.023401 0.031202
0 0.372229 0.580058 0.024571 0.033282
0 0.355848 0.585258 0.017551 0.043683
0 0.341222 0.590458 0.028082 0.058243
0 0.427807 0.577978 0.021061 0.033282
0 0.450623 0.572777 0.019891 0.027042
0 0.023182 0.627901 0.046364 0.108166
0 0.261657 0.622700 0.163810 0.251695
0 0.481630 0.589715 0.065524 0.114407
