0 0.456572 0.516067 0.015776 0.026177
0 0.467615 0.521676 0.018932 0.044875
0 0.486547 0.530090 0.027346 0.065443
0 0.503901 0.534765 0.034708 0.074792
0 0.519678 0.542244 0.030501 0.078532
0 0.547935 0.569045 0.049713 0.089751
0 0.438166 0.517002 0.016828 0.024307
0 0.414501 0.511392 0.011569 0.020568
0 0.403983 0.522611 0.019984 0.035526
0 0.391467 0.522611 0.023139 0.039266
0 0.374113 0.527286 0.032605 0.052355
0 0.336460 0.538504 0.057847 0.093490
0 0.614144 0.593352 0.141813 0.153324
0 0.245237 0.565305 0.144092 0.149585
0 0.822657 0.653498 0.352342 0.529155
