0 0.463878 0.436695 0.012686 0.017563
0 0.433343 0.437714 0.008818 0.019601
0 0.419990 0.439027 0.008785 0.023764
0 0.413260 0.441170 0.017081 0.027693
0 0.394670 0.445418 0.012285 0.031937
0 0.381481 0.450709 0.023917 0.046772
0 0.350987 0.450709 0.051422 0.059528
0 0.269668 0.468780 0.089690 0.129685
0 0.200308 0.479410 0.123174 0.161575
0 0.083113 0.492165 0.166225 0.250866
0 0.495328 0.439016 0.014350 0.031890
0 0.501541 0.442718 0.007643 0.031322
0 0.526703 0.454872 0.031093 0.046772
0 0.552729 0.457087 0.050226 0.059528
0 0.423810 0.437328 0.008022 0.025805
0 0.428202 0.437667 0.006876 0.021051
0 0.437943 0.434951 0.006494 0.019693
0 0.512048 0.442760 0.021009 0.039387
