0 0.187037 0.543326 0.010135 0.011088
0 0.175463 0.545965 0.016614 0.023563
0 0.146549 0.554900 0.019157 0.033200
0 0.120308 0.552345 0.026646 0.034670
0 0.268730 0.535661 0.020271 0.026335
0 0.281374 0.528080 0.013254 0.022177
0 0.290717 0.530357 0.010161 0.029504
0 0.302601 0.531029 0.021356 0.033620
0 0.326034 0.540368 0.033870 0.049525
0 0.425056 0.553425 0.058313 0.070094
0 0.056446 0.589758 0.065490 0.109497
0 0.019413 0.606391 0.036643 0.103953
0 0.088961 0.566038 0.017621 0.034586
0 0.241614 0.532824 0.013309 0.017291
0 0.569921 0.514220 0.060812 0.069302
