0 0.416030 0.304371 0.007782 0.013363
0 0.386232 0.327169 0.017486 0.021970
0 0.374991 0.338388 0.018984 0.026645
0 0.391478 0.353487 0.037969 0.046184
0 0.492291 0.340778 0.018793 0.031710
0 0.508881 0.357928 0.026978 0.040855
0 0.231110 0.414770 0.052956 0.090592
0 0.176155 0.426316 0.096920 0.120789
0 0.567468 0.402890 0.037699 0.071719
0 0.609299 0.409441 0.057952 0.079934
0 0.672746 0.418322 0.104914 0.126118
0 0.074339 0.454737 0.148678 0.142105
0 0.923040 0.443191 0.153873 0.410329
2 0.485337 0.320390 0.026367 0.058594
0 0.397400 0.323679 0.011087 0.020326
2 0.402771 0.320292 0.007276 0.018478
2 0.405889 0.315980 0.008662 0.016015
0 0.422173 0.297810 0.009355 0.014167
0 0.497010 0.355709 0.011433 0.030181
