0 0.312015 0.537245 0.020663 0.042245
0 0.290319 0.540000 0.022730 0.040408
0 0.244555 0.536718 0.061963 0.077344
0 0.065918 0.564843 0.126562 0.096094
0 0.175121 0.550102 0.071288 0.078980
0 0.337328 0.534490 0.019630 0.018367
0 0.361090 0.528979 0.021696 0.022041
0 0.379171 0.521633 0.014464 0.022041
0 0.398801 0.502347 0.014464 0.012857
0 0.393635 0.513367 0.016531 0.020204
0 0.425663 0.525306 0.012398 0.018367
0 0.431346 0.541837 0.013431 0.014694
0 0.438578 0.545510 0.013431 0.018367
0 0.451492 0.551939 0.014464 0.020204
0 0.470089 0.559286 0.028929 0.045918
0 0.512449 0.574898 0.078520 0.088163
0 0.771899 0.667968 0.261035 0.278906
