0 0.450037 0.589536 0.011482 0.016331
0 0.433655 0.594708 0.009951 0.019052
0 0.427148 0.595388 0.007655 0.025857
0 0.419876 0.592666 0.014544 0.034022
0 0.400739 0.594708 0.031385 0.043548
0 0.383515 0.606275 0.032151 0.047631
0 0.479202 0.581779 0.021434 0.039466
0 0.516697 0.597792 0.019873 0.025221
0 0.542607 0.601294 0.013930 0.031767
0 0.568682 0.598314 0.052222 0.056205
0 0.472198 0.598150 0.022253 0.028200
0 0.332391 0.632988 0.086939 0.091802
0 0.889127 0.742850 0.219698 0.405544
0 0.460285 0.594388 0.014205 0.022174
0 0.529059 0.603011 0.014552 0.023406
