0 0.497890 0.533783 0.038968 0.058618
0 0.461297 0.517796 0.015987 0.023092
0 0.448308 0.525789 0.021982 0.042632
0 0.438316 0.526678 0.021982 0.051513
0 0.428325 0.532895 0.025979 0.063947
0 0.416334 0.539112 0.033972 0.058618
0 0.401347 0.547105 0.039967 0.078158
0 0.342895 0.570197 0.114905 0.117237
0 0.551223 0.533783 0.039967 0.055066
0 0.578201 0.543553 0.041965 0.071053
0 0.619167 0.547105 0.087928 0.099474
0 0.757054 0.582632 0.199836 0.220263
0 0.956513 0.698092 0.084930 0.358816
0 0.048260 0.761151 0.094922 0.243355
