0 0.232872 0.554765 0.035596 0.053906
0 0.214415 0.567656 0.032959 0.075000
0 0.182774 0.567656 0.046143 0.075000
0 0.150474 0.588750 0.042187 0.075000
0 0.337022 0.566484 0.014502 0.021094
0 0.350205 0.565312 0.019775 0.023437
0 0.369322 0.561796 0.026367 0.025781
0 0.387779 0.564140 0.021094 0.030469
0 0.406236 0.565312 0.023730 0.032812
0 0.424693 0.577031 0.021094 0.037500
0 0.441831 0.575859 0.026367 0.039844
0 0.458311 0.580546 0.025049 0.044531
0 0.476768 0.582890 0.035596 0.063281
0 0.496543 0.582890 0.040869 0.063281
0 0.531480 0.588750 0.055371 0.070312
0 0.265171 0.562968 0.023730 0.028125
0 0.309996 0.564140 0.018457 0.030469
0 0.598057 0.595781 0.106787 0.112500
0 0.101634 0.602812 0.095044 0.098437
0 0.019957 0.623906 0.039551 0.112500
0 0.710117 0.574687 0.085693 0.051562
