0 0.501051 0.324069 0.009748 0.017330
0 0.493253 0.330135 0.009748 0.025995
0 0.484967 0.335334 0.012673 0.029461
0 0.473269 0.335334 0.016572 0.036393
0 0.457672 0.338800 0.014622 0.025995
0 0.445975 0.344865 0.016572 0.024262
0 0.432815 0.343132 0.015597 0.027728
0 0.419167 0.348331 0.015597 0.027728
0 0.404058 0.352664 0.016572 0.032927
0 0.390411 0.359596 0.020471 0.032927
0 0.368965 0.356130 0.030219 0.053723
0 0.307064 0.362195 0.056539 0.072786
0 0.219332 0.377792 0.138423 0.152503
0 0.549792 0.332734 0.013647 0.020796
0 0.560027 0.337933 0.008773 0.020796
0 0.566363 0.339666 0.011698 0.027728
0 0.580985 0.346598 0.019496 0.034660
0 0.599019 0.350064 0.014622 0.041592
0 0.611692 0.353530 0.024370 0.045058
0 0.634600 0.352664 0.037043 0.057189
0 0.656046 0.358729 0.044841 0.069320
0 0.709173 0.360462 0.096506 0.131707
0 0.788132 0.376059 0.156944 0.169833
0 0.529808 0.349198 0.034118 0.053723
0 0.084321 0.429782 0.168642 0.197561
