0 0.485386 0.408894 0.006627 0.009702
0 0.477784 0.412013 0.007796 0.010395
0 0.472717 0.415478 0.007796 0.017325
0 0.462191 0.416171 0.010135 0.017325
0 0.452056 0.423794 0.014813 0.020098
0 0.439192 0.435922 0.024169 0.031879
0 0.507752 0.413399 0.015495 0.021484
0 0.526610 0.433497 0.024559 0.033958
0 0.558965 0.465722 0.026118 0.048511
0 0.579626 0.468494 0.030796 0.070688
0 0.592685 0.476810 0.034304 0.076232
0 0.643285 0.503831 0.074692 0.103966
0 0.820577 0.583522 0.229996 0.243943
0 0.945921 0.744770 0.103828 0.352918
