0 0.448295 0.434000 0.013240 0.021847
0 0.602019 0.431082 0.017139 0.039844
0 0.613225 0.434598 0.023730 0.037500
0 0.645909 0.449915 0.030294 0.051035
0 0.656731 0.452176 0.034277 0.058594
0 0.702873 0.456864 0.076465 0.082031
0 0.800425 0.468984 0.137109 0.147656
0 0.568112 0.429283 0.016452 0.020536
0 0.321202 0.450234 0.030322 0.035156
0 0.426814 0.439205 0.019487 0.028930
0 0.536753 0.424453 0.015820 0.021094
0 0.519615 0.425625 0.013184 0.018750
0 0.489951 0.430312 0.035596 0.042187
0 0.948740 0.512343 0.101514 0.196875
0 0.438263 0.437187 0.011353 0.022202
0 0.635807 0.440191 0.033159 0.052541
