0 0.491270 0.495000 0.017139 0.042187
0 0.474790 0.492656 0.023730 0.051562
0 0.455136 0.483163 0.031477 0.087022
0 0.426245 0.494342 0.062886 0.097121
0 0.369741 0.521661 0.069394 0.170509
0 0.282072 0.547927 0.145644 0.279277
0 0.539769 0.496470 0.028246 0.031556
0 0.561143 0.485625 0.022412 0.065625
0 0.578941 0.484453 0.029004 0.067969
0 0.611240 0.485625 0.040869 0.079687
0 0.642222 0.491484 0.050098 0.100781
0 0.683091 0.511406 0.084375 0.150000
0 0.792515 0.538359 0.203027 0.241406
0 0.129949 0.559453 0.259898 0.560156
0 0.914463 0.595781 0.170068 0.332812
