0 0.531082 0.546045 0.015786 0.028125
0 0.626900 0.546826 0.010547 0.023437
0 0.646675 0.552295 0.023730 0.028125
0 0.584712 0.548389 0.017578 0.020312
0 0.611363 0.562703 0.033089 0.045827
0 0.555708 0.555420 0.029883 0.031250
0 0.429585 0.550725 0.029004 0.029687
0 0.375972 0.559316 0.055371 0.054708
0 0.292037 0.548016 0.077344 0.082068
0 0.471156 0.563573 0.059410 0.090817
0 0.091206 0.637451 0.181934 0.173437
0 0.150608 0.551958 0.028269 0.019063
0 0.073111 0.493036 0.033143 0.019063
0 0.505827 0.544510 0.023395 0.027728
