0 0.437689 0.435847 0.021446 0.022529
0 0.456210 0.436714 0.021446 0.034660
0 0.469857 0.440180 0.031194 0.041592
0 0.488379 0.438447 0.035093 0.048524
0 0.506900 0.453177 0.035093 0.067587
0 0.516161 0.462709 0.032169 0.065854
0 0.551741 0.459243 0.062388 0.093582
0 0.563439 0.482638 0.046791 0.105712
0 0.599507 0.480039 0.060438 0.159435
0 0.649709 0.484371 0.110153 0.195828
0 0.823225 0.504301 0.348006 0.377792
0 0.413319 0.437580 0.019496 0.022529
0 0.394310 0.432381 0.020471 0.039859
0 0.389436 0.435847 0.024370 0.046791
0 0.378713 0.441046 0.024370 0.064121
0 0.353368 0.447112 0.038018 0.083184
0 0.307064 0.460976 0.089682 0.107445
0 0.124775 0.496502 0.247601 0.400321
