0 0.019101 0.347202 0.038203 0.184343
0 0.089659 0.261961 0.177759 0.268891
0 0.194522 0.241863 0.131760 0.162166
0 0.276835 0.216124 0.076528 0.106565
0 0.324863 0.202689 0.038988 0.100450
0 0.356320 0.196299 0.030307 0.057411
0 0.475722 0.199589 0.022610 0.044353
0 0.492484 0.201668 0.023389 0.051283
0 0.548619 0.204545 0.054575 0.076441
0 0.614499 0.220380 0.099015 0.108111
0 0.822014 0.250873 0.235453 0.216222
0 0.442587 0.200975 0.040542 0.044353
0 0.398927 0.197510 0.028067 0.048511
0 0.931165 0.271663 0.137218 0.299384
0 0.346498 0.204706 0.027117 0.060894
0 0.514195 0.203437 0.031399 0.073581
