0 0.483350 0.417502 0.019579 0.047238
0 0.468666 0.418745 0.018180 0.064641
0 0.446290 0.422474 0.029368 0.072099
0 0.419719 0.428690 0.037759 0.074586
0 0.391050 0.434905 0.053142 0.096961
0 0.339306 0.454404 0.081112 0.130987
0 0.574251 0.407557 0.025173 0.052210
0 0.618303 0.415016 0.060135 0.091989
0 0.902195 0.538082 0.191592 0.313260
0 0.708505 0.441121 0.139848 0.144199
0 0.092607 0.500142 0.185213 0.282130
0 0.260098 0.486614 0.155619 0.170546
0 0.500831 0.411286 0.020977 0.049724
0 0.521109 0.408800 0.025173 0.044751
