0 0.439372 0.556006 0.012139 0.013188
0 0.458930 0.554807 0.008093 0.020382
0 0.465674 0.556605 0.006744 0.023979
0 0.469720 0.557205 0.012139 0.022780
0 0.479499 0.559003 0.015511 0.038366
0 0.489615 0.564398 0.024953 0.053952
0 0.514905 0.566796 0.048557 0.075533
0 0.564979 0.575189 0.074184 0.101909
0 0.405821 0.557804 0.007418 0.009591
0 0.398065 0.559003 0.009442 0.011989
0 0.374798 0.562001 0.015511 0.020382
0 0.361310 0.563799 0.020906 0.026377
0 0.329782 0.573390 0.031022 0.040764
0 0.296062 0.576987 0.036418 0.050355
0 0.261667 0.581183 0.055301 0.063544
0 0.077865 0.618482 0.136390 0.123667
