0 0.329400 0.555801 0.016373 0.024949
0 0.301723 0.555108 0.040542 0.048511
0 0.268588 0.562038 0.024169 0.029107
0 0.227656 0.560652 0.057694 0.037423
0 0.440110 0.559959 0.025728 0.033265
0 0.420619 0.559266 0.022610 0.026335
0 0.395280 0.562038 0.026508 0.031879
0 0.618649 0.566196 0.021050 0.031879
0 0.592911 0.561249 0.031946 0.058021
0 0.790950 0.568968 0.091219 0.112269
0 0.687647 0.564810 0.137218 0.167710
0 0.918422 0.555108 0.160607 0.383932
0 0.514383 0.583264 0.134046 0.207391
2 0.139557 0.566196 0.107591 0.020791
