0 0.097557 0.514789 0.194775 0.223085
0 0.214668 0.477760 0.098620 0.140260
0 0.285551 0.449269 0.072732 0.100812
0 0.320068 0.436120 0.033284 0.065747
0 0.344107 0.429545 0.032052 0.061364
0 0.365680 0.426258 0.023422 0.050406
0 0.378008 0.424066 0.020957 0.037256
0 0.391568 0.421875 0.018491 0.024107
0 0.400197 0.420779 0.013560 0.026299
0 0.443960 0.418588 0.014793 0.021916
0 0.456904 0.424066 0.020957 0.028490
0 0.467999 0.422971 0.018491 0.039448
0 0.485874 0.428450 0.029586 0.054789
0 0.504981 0.441599 0.035750 0.067938
0 0.543813 0.459131 0.061638 0.085471
0 0.577714 0.479951 0.082594 0.118344
0 0.630105 0.506250 0.133137 0.179708
0 0.822415 0.570901 0.350101 0.317776
0 0.423620 0.420779 0.030819 0.039448
