0 0.540941 0.590791 0.018353 0.029909
0 0.485116 0.595549 0.010706 0.023112
0 0.314199 0.605746 0.031354 0.029909
0 0.369642 0.600308 0.021412 0.021752
2 0.348612 0.592830 0.025236 0.036707
0 0.160871 0.632936 0.058119 0.038066
0 0.565377 0.589432 0.019118 0.027190
0 0.511082 0.607723 0.048178 0.078852
0 0.720270 0.592089 0.032883 0.072054
0 0.766528 0.598640 0.081061 0.097885
0 0.840707 0.602719 0.113180 0.125076
0 0.663418 0.615634 0.109356 0.142749
0 0.605681 0.592523 0.018353 0.031269
0 0.893379 0.744788 0.206288 0.444562
0 0.423076 0.599411 0.020648 0.023112
0 0.239402 0.594359 0.065002 0.080211
0 0.469342 0.591254 0.019883 0.028550
