0 0.021268 0.528352 0.040952 0.183051
0 0.084452 0.549153 0.111157 0.137288
0 0.140031 0.516911 0.201252 0.126888
0 0.207310 0.507550 0.108817 0.108166
0 0.255868 0.517951 0.091265 0.079045
0 0.303255 0.506510 0.078395 0.068644
0 0.311446 0.484669 0.120517 0.087365
0 0.389256 0.500270 0.046803 0.039522
0 0.419677 0.497150 0.025742 0.037442
0 0.808141 0.529392 0.250395 0.255855
0 0.670072 0.530432 0.079565 0.128968
0 0.630875 0.511711 0.083075 0.108166
0 0.583487 0.514831 0.030422 0.068644
0 0.567691 0.506510 0.033932 0.060324
0 0.536684 0.503390 0.028082 0.033282
0 0.520888 0.505470 0.017551 0.037442
0 0.512113 0.510671 0.014041 0.022881
0 0.496902 0.507550 0.011701 0.020801
0 0.481367 0.510671 0.014041 0.018721
0 0.470251 0.507550 0.010531 0.016641
0 0.453285 0.505470 0.025742 0.024961
