0 0.609798 0.663454 0.012989 0.030197
0 0.623787 0.665230 0.016986 0.040855
0 0.637775 0.660789 0.022981 0.049737
1 0.675694 0.669872 0.051957 0.068875
0 0.684187 0.690099 0.016986 0.046184
0 0.695178 0.694539 0.026978 0.058618
1 0.730149 0.694539 0.064947 0.090592
0 0.565285 0.664342 0.016986 0.026645
0 0.552795 0.670559 0.007993 0.021316
0 0.541804 0.667895 0.009992 0.019539
0 0.531812 0.667895 0.007993 0.023092
0 0.519822 0.667007 0.011990 0.021316
0 0.504835 0.667007 0.013988 0.028421
0 0.486849 0.669671 0.021982 0.037303
0 0.461870 0.669671 0.047961 0.065724
0 0.397573 0.676192 0.048660 0.075213
0 0.328979 0.649243 0.039967 0.014211
0 0.360453 0.672336 0.020983 0.063947
0 0.290511 0.674112 0.022981 0.042632
0 0.199586 0.659901 0.026978 0.035526
0 0.137765 0.684770 0.088670 0.085263
0 0.044763 0.699219 0.087928 0.076860
0 0.227113 0.690099 0.084930 0.076382
0 0.587675 0.682105 0.040684 0.063947
0 0.768526 0.720613 0.083369 0.088586
0 0.326531 0.689097 0.067944 0.069847
