0 0.520748 0.515464 0.018557 0.030928
0 0.502771 0.518557 0.024356 0.037113
0 0.484794 0.525773 0.032474 0.035052
0 0.457539 0.530928 0.024356 0.045361
0 0.439562 0.531959 0.023196 0.047423
0 0.420425 0.535052 0.031314 0.049485
0 0.394910 0.540206 0.038273 0.059794
0 0.349926 0.543299 0.061966 0.094845
0 0.268887 0.562102 0.110970 0.119094
0 0.121288 0.601363 0.216703 0.180579
0 0.617590 0.519588 0.022036 0.051546
0 0.631508 0.520619 0.026675 0.057732
0 0.652384 0.520619 0.040593 0.070103
0 0.704575 0.536627 0.091624 0.122658
0 0.880629 0.570057 0.234747 0.321556
0 0.566601 0.534072 0.084749 0.144804
