0 0.536589 0.490102 0.009471 0.015306
0 0.524105 0.492398 0.012054 0.016837
0 0.508177 0.500817 0.021524 0.018367
0 0.476751 0.503112 0.037883 0.041327
0 0.457810 0.517191 0.030995 0.038872
0 0.605036 0.483605 0.017219 0.025240
0 0.625468 0.490528 0.024919 0.029761
0 0.648803 0.491258 0.030710 0.040546
0 0.678727 0.494283 0.028569 0.055924
0 0.738142 0.503759 0.103316 0.116844
0 0.414456 0.534606 0.053678 0.055149
0 0.328938 0.552185 0.102455 0.105612
0 0.592680 0.479145 0.019673 0.025648
0 0.937087 0.479779 0.044592 0.043033
