0 0.412264 0.470636 0.008987 0.019970
0 0.403839 0.472633 0.010110 0.023965
0 0.396538 0.473632 0.008987 0.025962
0 0.389236 0.474630 0.012357 0.031953
0 0.381934 0.473632 0.013480 0.033950
0 0.367893 0.473632 0.019097 0.033950
0 0.353851 0.475629 0.017973 0.029956
0 0.339809 0.479623 0.019097 0.029956
0 0.325767 0.484616 0.017973 0.031953
0 0.312287 0.491605 0.029207 0.037944
0 0.299931 0.494601 0.024713 0.043935
0 0.278026 0.501590 0.046057 0.061908
0 0.230284 0.515332 0.062907 0.097104
0 0.161000 0.536627 0.089142 0.126065
0 0.070193 0.561329 0.140385 0.165247
0 0.428487 0.469645 0.013178 0.019035
0 0.439194 0.468913 0.004942 0.017570
0 0.443724 0.468180 0.007413 0.019035
0 0.449489 0.469645 0.007413 0.024892
0 0.456901 0.474037 0.012354 0.033677
0 0.468020 0.477698 0.014825 0.043926
0 0.475433 0.477698 0.018120 0.043926
0 0.488199 0.489411 0.015649 0.055640
0 0.498906 0.497465 0.020590 0.065889
0 0.502200 0.498929 0.018943 0.071746
0 0.521967 0.500393 0.035416 0.095174
0 0.570622 0.503939 0.078532 0.140334
0 0.601817 0.512180 0.070007 0.149349
0 0.747597 0.534923 0.244614 0.275980
0 0.876575 0.649770 0.244614 0.441515
0 0.012218 0.631175 0.024436 0.080068
