0 0.437716 0.575661 0.021492 0.043302
0 0.414075 0.585850 0.042984 0.073868
0 0.388225 0.603680 0.042864 0.094245
0 0.328064 0.611584 0.114710 0.163543
0 0.262257 0.651059 0.143394 0.187978
0 0.117488 0.652468 0.234977 0.507671
0 0.874877 0.719222 0.249628 0.555991
0 0.740749 0.649529 0.170501 0.216510
0 0.662663 0.612634 0.103160 0.147815
0 0.606784 0.596038 0.065908 0.104434
0 0.568099 0.599859 0.028656 0.071321
0 0.555920 0.584576 0.024357 0.050943
0 0.533712 0.578208 0.014328 0.022925
0 0.475018 0.612661 0.089678 0.137547
