0 0.561321 0.428183 0.011525 0.014798
0 0.571565 0.428183 0.010245 0.014798
0 0.574493 0.432546 0.011525 0.021627
0 0.580896 0.433115 0.008964 0.025042
0 0.585058 0.438238 0.010885 0.028457
0 0.592741 0.439376 0.012165 0.033010
0 0.607788 0.443929 0.029453 0.039840
0 0.551443 0.434254 0.014086 0.025042
0 0.543119 0.437668 0.021770 0.025042
0 0.522630 0.453035 0.026892 0.028457
0 0.493177 0.457019 0.017928 0.036425
0 0.450620 0.470679 0.087676 0.118381
0 0.293089 0.497640 0.095402 0.142709
0 0.206971 0.535055 0.151107 0.174029
0 0.639429 0.456640 0.023050 0.067158
0 0.657036 0.461193 0.040338 0.085371
0 0.668028 0.484528 0.024758 0.086509
0 0.721598 0.461239 0.094762 0.162682
0 0.777858 0.489744 0.126946 0.199387
0 0.879748 0.584856 0.238185 0.431651
