0 0.313916 0.312750 0.040418 0.031500
0 0.252169 0.313500 0.049163 0.045000
0 0.166058 0.309750 0.076259 0.064500
0 0.076530 0.309750 0.069691 0.058500
0 0.014344 0.315000 0.028687 0.090000
0 0.404578 0.311250 0.022781 0.037500
0 0.384328 0.311250 0.032906 0.049500
0 0.357328 0.315000 0.044719 0.060000
0 0.442969 0.312000 0.011812 0.030000
0 0.619312 0.328500 0.037125 0.033000
0 0.583453 0.321000 0.034594 0.030000
0 0.681379 0.344123 0.059149 0.068143
0 0.898594 0.362170 0.079312 0.076341
0 0.958078 0.380250 0.081844 0.100500
0 0.814219 0.362331 0.114750 0.094338
0 0.476719 0.353250 0.082687 0.121500
