0 0.032517 0.783816 0.063122 0.093514
0 0.053558 0.754912 0.078424 0.079912
0 0.173107 0.728558 0.019128 0.027204
0 0.154935 0.725157 0.013389 0.023804
0 0.246749 0.725157 0.019128 0.023804
0 0.305567 0.720057 0.020084 0.027204
0 0.463372 0.743860 0.108072 0.074811
0 0.422247 0.721757 0.094683 0.071411
0 0.585255 0.735945 0.183514 0.126065
0 0.275919 0.695403 0.035386 0.018703
0 0.224274 0.714106 0.010520 0.011902
0 0.234316 0.707305 0.015302 0.011902
0 0.121940 0.764263 0.069817 0.095214
0 0.344779 0.748937 0.102334 0.153071
0 0.272093 0.735359 0.060253 0.068010
0 0.922440 0.722934 0.046863 0.094167
0 0.200277 0.729983 0.035456 0.066440
