0 0.476008 0.363790 0.013589 0.017053
0 0.462020 0.368053 0.009592 0.019895
0 0.452428 0.375158 0.014388 0.025579
0 0.436441 0.381553 0.015987 0.029842
0 0.414859 0.387237 0.015987 0.038368
0 0.405267 0.390790 0.017586 0.039789
0 0.387281 0.390790 0.018385 0.054000
0 0.368097 0.393632 0.029576 0.059684
0 0.338122 0.398605 0.038368 0.072474
0 0.286165 0.408553 0.083132 0.098053
0 0.491196 0.358816 0.010391 0.021316
0 0.501587 0.374447 0.013589 0.027000
0 0.517574 0.364500 0.008793 0.021316
0 0.521571 0.373737 0.010391 0.025579
0 0.532362 0.379421 0.009592 0.025579
0 0.551147 0.390790 0.023181 0.042632
0 0.567933 0.391500 0.016786 0.046895
0 0.602704 0.399316 0.065546 0.090947
