0 0.412043 0.374923 0.069388 0.098409
1 0.656462 0.377695 0.038982 0.076232
0 0.446737 0.374923 0.017152 0.062372
0 0.452194 0.364528 0.026508 0.069302
0 0.470126 0.361756 0.018711 0.036037
0 0.482211 0.356211 0.008576 0.024949
0 0.487668 0.354825 0.011695 0.019405
0 0.512227 0.353439 0.015593 0.024949
0 0.537955 0.358290 0.015593 0.020791
0 0.626445 0.369379 0.028847 0.062372
0 0.610073 0.371458 0.013254 0.044353
0 0.599547 0.373537 0.010915 0.040195
0 0.586683 0.367300 0.021050 0.022177
0 0.573819 0.361062 0.020271 0.029107
1 0.565243 0.352746 0.017152 0.037423
0 0.553938 0.358290 0.007017 0.018018
