0 0.107385 0.487867 0.122921 0.104407
0 0.909721 0.603199 0.179041 0.281655
0 0.721987 0.526715 0.251304 0.162680
0 0.620919 0.487867 0.131115 0.128687
0 0.564922 0.484224 0.057363 0.092266
0 0.184551 0.479368 0.058729 0.072842
0 0.220062 0.472084 0.034145 0.063130
0 0.263767 0.456302 0.055997 0.070414
0 0.291083 0.453874 0.020487 0.055845
0 0.311569 0.453874 0.031413 0.036421
0 0.323178 0.452660 0.021853 0.043705
0 0.339568 0.447804 0.016389 0.033993
0 0.435856 0.452660 0.015024 0.024281
0 0.417418 0.452660 0.024584 0.043705
0 0.467269 0.452660 0.028681 0.043705
0 0.375078 0.446590 0.024584 0.026709
0 0.400345 0.442947 0.015024 0.024281
