0 0.271484 0.402921 0.020471 0.043325
0 0.257349 0.398588 0.033143 0.069320
0 0.233466 0.404654 0.026320 0.053723
0 0.212580 0.411586 0.046647 0.071053
0 0.161494 0.424034 0.078632 0.082085
0 0.402596 0.394256 0.023395 0.039859
0 0.418193 0.388190 0.021446 0.048524
0 0.433789 0.384724 0.029244 0.048524
0 0.455235 0.397722 0.033143 0.074519
0 0.488866 0.402921 0.039967 0.084917
0 0.526884 0.412266 0.051665 0.074957
0 0.661299 0.431005 0.226913 0.207836
0 0.345569 0.398588 0.024370 0.024262
0 0.370914 0.394256 0.016572 0.022529
0 0.310597 0.400321 0.028029 0.031194
0 0.051507 0.452468 0.103013 0.138326
