0 0.213574 0.485223 0.095977 0.058125
0 0.184570 0.487098 0.073828 0.043125
0 0.101777 0.478661 0.127617 0.063750
0 0.038496 0.506786 0.076992 0.090000
0 0.341641 0.483682 0.017030 0.029328
0 0.396562 0.481205 0.012656 0.024375
0 0.427676 0.476786 0.011602 0.018750
0 0.416074 0.481875 0.017930 0.030000
0 0.367293 0.495833 0.032164 0.047084
0 0.465644 0.485625 0.026367 0.037500
0 0.506777 0.499687 0.020039 0.050625
0 0.517324 0.503437 0.022148 0.050625
0 0.540150 0.501562 0.037969 0.054375
0 0.575483 0.508125 0.060117 0.086250
0 0.611116 0.515625 0.071719 0.097500
0 0.699032 0.511205 0.138164 0.159375
0 0.894288 0.558027 0.210162 0.268766
