0 0.325917 0.385579 0.017215 0.041940
0 0.307746 0.390113 0.020403 0.048741
0 0.286067 0.390680 0.033155 0.058942
0 0.268533 0.398614 0.028692 0.058942
0 0.238567 0.393514 0.042719 0.094081
0 0.197760 0.402015 0.068223 0.108816
0 0.129538 0.409950 0.089901 0.136020
0 0.432183 0.385579 0.012114 0.021537
0 0.442384 0.383879 0.010839 0.024937
0 0.453223 0.390113 0.017215 0.035139
0 0.475220 0.401448 0.035705 0.055542
0 0.522083 0.409950 0.059296 0.099748
0 0.545037 0.425819 0.065672 0.104282
0 0.615916 0.447922 0.132620 0.164358
0 0.785729 0.509131 0.335375 0.279975
0 0.048071 0.404124 0.094364 0.190428
0 0.356486 0.383230 0.040806 0.053275
