0 0.537971 0.589421 0.010520 0.023804
0 0.552316 0.593672 0.016259 0.032305
0 0.562837 0.596222 0.012433 0.047607
0 0.575748 0.596222 0.013389 0.047607
0 0.476921 0.587721 0.022953 0.044207
0 0.420972 0.600473 0.012433 0.028904
0 0.409017 0.599623 0.013389 0.034005
0 0.397062 0.599623 0.012433 0.034005
0 0.380803 0.598772 0.020084 0.042506
0 0.361197 0.601889 0.019128 0.044207
0 0.254241 0.618609 0.065991 0.066310
0 0.336331 0.610107 0.030605 0.039106
0 0.448548 0.599056 0.047820 0.064610
0 0.518524 0.593105 0.018171 0.025504
0 0.598861 0.598206 0.046863 0.069710
1 0.498759 0.583753 0.016259 0.030605
0 0.420334 0.596789 0.010520 0.037406
