0 0.396430 0.523701 0.017938 0.029764
0 0.385866 0.526890 0.019134 0.027638
0 0.370320 0.530079 0.021526 0.034016
0 0.349990 0.536457 0.026309 0.034016
0 0.319496 0.538583 0.041855 0.055276
0 0.475556 0.535394 0.026309 0.040394
0 0.497680 0.542835 0.039464 0.055276
0 0.527576 0.556654 0.044247 0.065906
0 0.553288 0.563032 0.043051 0.087165
0 0.268073 0.547087 0.060989 0.072283
0 0.162040 0.566575 0.127958 0.125433
0 0.613878 0.570827 0.126762 0.150945
0 0.920384 0.790654 0.154267 0.304016
0 0.278801 0.810000 0.031093 0.004252
0 0.459445 0.529983 0.016749 0.033499
