0 0.402004 0.479290 0.011982 0.021302
0 0.393767 0.478624 0.013480 0.025296
0 0.382908 0.477959 0.018722 0.026627
0 0.369428 0.482618 0.023216 0.038609
0 0.349582 0.479956 0.026960 0.054586
0 0.333855 0.482618 0.035947 0.057249
0 0.309891 0.489941 0.043436 0.069231
0 0.273944 0.501923 0.074889 0.082544
0 0.204297 0.514571 0.092862 0.097189
0 0.073420 0.548190 0.145343 0.148451
0 0.485131 0.480621 0.016476 0.029290
0 0.494867 0.483284 0.019471 0.045266
0 0.532311 0.479290 0.062907 0.085207
0 0.588478 0.511243 0.106342 0.130473
0 0.689279 0.538535 0.143787 0.169083
0 0.860325 0.602441 0.275592 0.312870
