0 0.680801 0.404720 0.020201 0.024486
0 0.621575 0.394926 0.015610 0.021221
0 0.636267 0.403088 0.021119 0.027751
0 0.593110 0.396558 0.019283 0.021221
0 0.550412 0.399823 0.020201 0.037545
0 0.512306 0.392477 0.017446 0.022854
0 0.446653 0.382683 0.025710 0.032648
0 0.311586 0.379534 0.029383 0.063664
0 0.259706 0.377086 0.076213 0.075091
0 0.174070 0.407169 0.163445 0.143652
0 0.362307 0.430839 0.126716 0.128960
0 0.482136 0.407169 0.056012 0.084885
0 0.568318 0.408801 0.039484 0.048972
0 0.656009 0.413698 0.033056 0.039178
0 0.050758 0.427333 0.101515 0.234658
