0 0.482913 0.463455 0.016398 0.035880
0 0.489220 0.463081 0.016398 0.038123
0 0.498050 0.466445 0.018921 0.044850
0 0.505619 0.468687 0.018921 0.040365
0 0.514449 0.474294 0.018921 0.042608
0 0.523279 0.474294 0.026490 0.051578
0 0.393983 0.469809 0.012614 0.024668
0 0.383892 0.472051 0.012614 0.029153
0 0.378846 0.473172 0.017660 0.035880
0 0.370016 0.474294 0.017660 0.033638
0 0.361186 0.477657 0.020183 0.031395
0 0.343527 0.478779 0.037843 0.042608
0 0.323344 0.483264 0.030274 0.042608
0 0.296854 0.492234 0.037843 0.056063
0 0.265319 0.500083 0.032797 0.058306
0 0.226215 0.494476 0.060548 0.087458
0 0.194048 0.520265 0.044150 0.076246
0 0.153052 0.528114 0.075685 0.091943
0 0.070429 0.540822 0.140018 0.154734
0 0.582566 0.482143 0.099652 0.143521
0 0.839264 0.565490 0.320401 0.392442
0 0.448855 0.463455 0.021444 0.026910
0 0.469668 0.468687 0.027751 0.044850
0 0.409751 0.468687 0.021444 0.031395
