0 0.418930 0.487577 0.006237 0.011088
0 0.415291 0.487577 0.009356 0.012936
0 0.410094 0.489425 0.009356 0.016632
0 0.400998 0.489887 0.014034 0.019405
0 0.392370 0.494815 0.009876 0.017556
0 0.382754 0.497125 0.010395 0.033265
0 0.372359 0.499897 0.020791 0.046201
0 0.357546 0.507752 0.021310 0.047125
0 0.339614 0.509600 0.025988 0.061910
0 0.323501 0.519302 0.037423 0.070226
0 0.293615 0.532238 0.037943 0.081314
0 0.263468 0.536858 0.038982 0.099795
0 0.192261 0.547485 0.146054 0.146920
0 0.435770 0.484189 0.003119 0.011088
0 0.440188 0.485575 0.005717 0.012012
0 0.444606 0.485113 0.007277 0.018480
0 0.452143 0.486961 0.008836 0.020329
0 0.461498 0.490657 0.008836 0.027721
0 0.484108 0.499435 0.036383 0.045277
0 0.429065 0.487731 0.008836 0.010164
