0 0.069973 0.400514 0.032119 0.036707
0 0.123312 0.393376 0.017206 0.014275
0 0.107253 0.390317 0.014912 0.020393
0 0.098076 0.392356 0.012618 0.020393
0 0.194432 0.390317 0.012618 0.020393
0 0.182961 0.394396 0.019501 0.028550
0 0.170343 0.401533 0.019501 0.034668
0 0.154857 0.388278 0.013765 0.016314
0 0.139945 0.398474 0.022942 0.028550
0 0.390011 0.449456 0.091767 0.138671
0 0.501279 0.504721 0.212212 0.236556
1 0.350437 0.364826 0.086032 0.189653
0 0.258669 0.452719 0.108974 0.159063
0 0.783082 0.557062 0.429012 0.653248
0 0.028677 0.397812 0.020648 0.046190
