0 0.460958 0.498765 0.022199 0.025857
0 0.439141 0.496724 0.022965 0.038105
0 0.416559 0.502848 0.020668 0.031300
0 0.396656 0.502848 0.016075 0.031300
0 0.376370 0.502167 0.022965 0.038105
0 0.360295 0.509652 0.022965 0.034022
0 0.332354 0.513055 0.028323 0.027218
0 0.303903 0.509652 0.027558 0.039466
0 0.281321 0.515096 0.032916 0.042188
0 0.246491 0.515096 0.042868 0.044909
0 0.204388 0.521220 0.053585 0.062601
0 0.144679 0.519178 0.064302 0.072127
0 0.519391 0.508291 0.014544 0.017692
0 0.532787 0.511013 0.010717 0.017692
0 0.541591 0.513735 0.013013 0.014970
0 0.554604 0.515776 0.016075 0.021774
0 0.567618 0.519859 0.014544 0.027218
0 0.580248 0.521220 0.013779 0.035383
0 0.605893 0.525983 0.042102 0.044909
0 0.643274 0.530746 0.033682 0.054435
0 0.668536 0.540272 0.055116 0.068044
0 0.709745 0.551159 0.068129 0.081653
0 0.062388 0.524395 0.114059 0.100706
0 0.753124 0.566583 0.089563 0.095262
0 0.501019 0.510786 0.009951 0.008165
0 0.489919 0.510106 0.012248 0.012248
