0 0.442810 0.524953 0.015302 0.028904
0 0.427986 0.525803 0.016259 0.034005
0 0.415552 0.528354 0.010520 0.035705
0 0.498759 0.524953 0.018171 0.028904
0 0.508322 0.536855 0.014346 0.035705
0 0.532710 0.543656 0.047820 0.066310
0 0.388295 0.519852 0.045907 0.069710
0 0.368211 0.541105 0.026779 0.068010
0 0.320870 0.540255 0.081293 0.107116
0 0.278788 0.558108 0.077468 0.115617
0 0.221405 0.575111 0.119549 0.153023
0 0.726667 0.572135 0.070773 0.086713
0 0.475327 0.498174 0.013389 0.013602
0 0.495411 0.497324 0.013389 0.015302
0 0.467676 0.526228 0.021041 0.032305
0 0.609062 0.578369 0.142502 0.180794
0 0.859000 0.565617 0.192235 0.149622
0 0.095639 0.627677 0.191278 0.236335
