0 0.707299 0.507422 0.014502 0.016406
0 0.737622 0.509765 0.011865 0.025781
0 0.667749 0.506250 0.011865 0.014062
0 0.724438 0.510937 0.014502 0.028125
0 0.756738 0.509765 0.013184 0.025781
0 0.686206 0.506250 0.025049 0.042187
0 0.656543 0.505078 0.013184 0.016406
0 0.638085 0.512109 0.023730 0.030469
0 0.613696 0.508593 0.027686 0.042187
0 0.584692 0.509765 0.040869 0.044531
0 0.461425 0.515625 0.042187 0.046875
0 0.402759 0.526172 0.077783 0.053906
0 0.349365 0.530859 0.052734 0.072656
0 0.266308 0.530859 0.063281 0.067969
0 0.180615 0.553125 0.129199 0.093750
0 0.098877 0.548437 0.092285 0.089062
0 0.013184 0.566015 0.026367 0.070312
0 0.510534 0.505078 0.039551 0.060937
