0 0.254554 0.562038 0.052236 0.073460
0 0.576938 0.541940 0.056134 0.072074
0 0.541464 0.540554 0.019491 0.052669
0 0.526261 0.537782 0.018711 0.049897
0 0.512617 0.539168 0.021050 0.036037
0 0.497024 0.535703 0.011695 0.031879
0 0.486889 0.537089 0.013254 0.023563
0 0.471686 0.535010 0.026508 0.027721
0 0.293147 0.557187 0.024949 0.066530
0 0.310689 0.554415 0.017932 0.060986
0 0.329790 0.553722 0.020271 0.054055
0 0.351230 0.546098 0.021050 0.044353
0 0.367603 0.541247 0.014813 0.034651
0 0.382026 0.537089 0.010915 0.034651
0 0.392941 0.532238 0.010915 0.036037
0 0.403077 0.529466 0.010915 0.033265
0 0.411263 0.528080 0.011695 0.030493
0 0.454533 0.530852 0.014034 0.030493
