0 0.385180 0.471651 0.012895 0.022925
0 0.372285 0.477595 0.018626 0.022925
0 0.357957 0.482689 0.018626 0.022925
0 0.342913 0.489057 0.034387 0.030566
0 0.322854 0.463585 0.017193 0.020377
0 0.310675 0.476321 0.024357 0.025472
0 0.287881 0.516247 0.038945 0.064569
0 0.241902 0.472500 0.024357 0.033113
0 0.259473 0.525309 0.050904 0.082692
0 0.190333 0.510988 0.110348 0.181410
0 0.077609 0.542548 0.155218 0.331132
0 0.330413 0.528199 0.066698 0.098660
0 0.405956 0.467406 0.011462 0.017830
0 0.418851 0.460614 0.014328 0.017830
0 0.447506 0.483538 0.014328 0.017830
0 0.431029 0.492453 0.015761 0.025472
