0 0.317373 0.505818 0.011203 0.014226
0 0.304170 0.512931 0.020005 0.028451
0 0.291767 0.509375 0.017604 0.018493
0 0.279844 0.516371 0.022571 0.031544
0 0.266562 0.514354 0.013603 0.017071
0 0.251358 0.507952 0.023205 0.021338
0 0.229070 0.533414 0.044244 0.048579
0 0.205747 0.502262 0.026406 0.021338
0 0.173740 0.500839 0.020005 0.021338
0 0.144933 0.516488 0.031207 0.049789
0 0.118927 0.518621 0.030407 0.045522
0 0.167339 0.541382 0.071216 0.082508
0 0.329376 0.509375 0.016004 0.018493
0 0.360701 0.561920 0.077053 0.118249
0 0.029307 0.527868 0.057613 0.106691
0 0.415282 0.552051 0.008802 0.012803
0 0.437687 0.558453 0.012003 0.017071
