0 0.329461 0.452835 0.017938 0.025512
0 0.352183 0.449646 0.020330 0.014882
0 0.317503 0.453898 0.020330 0.031890
0 0.300760 0.459213 0.032288 0.046772
0 0.275647 0.473032 0.037072 0.057402
0 0.242163 0.481536 0.044247 0.078661
0 0.205689 0.497268 0.038268 0.125433
0 0.100453 0.520654 0.169813 0.172205
0 0.008969 0.589748 0.017938 0.170079
0 0.410182 0.462189 0.023917 0.034016
0 0.409584 0.484512 0.022721 0.053150
0 0.431110 0.488764 0.037072 0.112677
0 0.463996 0.491953 0.047835 0.131811
0 0.526181 0.505772 0.107628 0.265748
0 0.377296 0.467717 0.039464 0.059528
0 0.765355 0.579012 0.465192 0.620150
