0 0.828587 0.494769 0.339233 0.455777
1 0.602431 0.440180 0.296342 0.339666
0 0.464009 0.395989 0.068237 0.199294
0 0.432815 0.397722 0.042892 0.140372
0 0.409419 0.421983 0.027295 0.053723
0 0.398209 0.419384 0.020471 0.041592
0 0.031681 0.447978 0.059463 0.119576
0 0.077497 0.460109 0.026320 0.064121
0 0.105767 0.456643 0.030219 0.050257
0 0.136473 0.443646 0.035093 0.062388
0 0.166205 0.449711 0.028269 0.053723
0 0.190575 0.445379 0.018521 0.045058
0 0.206659 0.443646 0.017547 0.055456
0 0.228105 0.441046 0.033143 0.043325
0 0.390898 0.402054 0.017547 0.031194
0 0.378225 0.398588 0.011698 0.017330
