0 0.282792 0.412146 0.020097 0.028072
0 0.270231 0.414698 0.020815 0.028072
0 0.251929 0.415336 0.024403 0.042108
0 0.234703 0.419802 0.033016 0.043384
0 0.214247 0.429372 0.025121 0.044660
0 0.192356 0.427458 0.034452 0.058696
0 0.165082 0.431924 0.031581 0.065076
0 0.133142 0.434476 0.053831 0.082940
0 0.080388 0.438942 0.086130 0.089319
0 0.390884 0.409594 0.014355 0.028072
0 0.405957 0.410232 0.022968 0.031900
0 0.424260 0.419802 0.033734 0.043384
0 0.430719 0.424906 0.016508 0.038280
0 0.444715 0.429372 0.031581 0.044660
0 0.474861 0.431924 0.054549 0.059972
0 0.498905 0.442132 0.061008 0.065076
0 0.374089 0.411508 0.017226 0.021692
0 0.318105 0.413422 0.027274 0.030624
0 0.032657 0.464461 0.065315 0.107183
