0 0.477011 0.368182 0.014041 0.029122
0 0.485786 0.360902 0.008190 0.027042
0 0.526154 0.370262 0.014041 0.033282
0 0.467650 0.366102 0.009361 0.024961
0 0.458875 0.371302 0.008190 0.018721
0 0.537854 0.373382 0.023401 0.035362
0 0.575882 0.379623 0.031592 0.043683
0 0.419677 0.368182 0.021061 0.020801
0 0.385160 0.370262 0.019891 0.033282
0 0.399786 0.370262 0.014041 0.024961
0 0.360004 0.377543 0.032762 0.043683
0 0.334262 0.373382 0.016381 0.031202
0 0.307351 0.376503 0.021061 0.041602
0 0.219010 0.375463 0.024571 0.060324
0 0.269908 0.374422 0.037442 0.033282
0 0.165772 0.378583 0.107646 0.091525
0 0.441909 0.374422 0.030422 0.049923
0 0.506263 0.372342 0.037442 0.054083
0 0.646086 0.380663 0.076055 0.091525
0 0.603963 0.379623 0.024571 0.047843
