0 0.389923 0.453177 0.009748 0.015597
0 0.397234 0.452311 0.008773 0.013864
0 0.399671 0.460976 0.013647 0.017330
0 0.387974 0.467908 0.017547 0.013864
0 0.369940 0.467041 0.016572 0.019063
0 0.420630 0.468774 0.018521 0.025995
0 0.441101 0.475706 0.022421 0.029461
0 0.339233 0.465308 0.021446 0.022529
0 0.319737 0.466175 0.015597 0.024262
0 0.255887 0.461842 0.024370 0.025995
0 0.230542 0.466175 0.026320 0.038126
0 0.495690 0.439313 0.014622 0.019063
0 0.553691 0.445379 0.019496 0.017330
0 0.592196 0.451444 0.016572 0.019063
0 0.453773 0.436714 0.014622 0.020796
1 0.254543 0.438567 0.045164 0.047631
