0 0.267568 0.421919 0.109987 0.047843
0 0.405051 0.407358 0.017551 0.027042
0 0.364684 0.411518 0.032762 0.031202
0 0.468820 0.397997 0.025742 0.029122
0 0.443079 0.401117 0.021061 0.035362
0 0.521473 0.387597 0.009361 0.016641
0 0.544875 0.388637 0.009361 0.014561
0 0.596358 0.393837 0.016381 0.029122
0 0.190929 0.407358 0.019891 0.018721
0 0.082886 0.481202 0.165772 0.203852
0 0.033554 0.559207 0.065524 0.226734
0 0.305010 0.576888 0.348681 0.303698
0 0.616249 0.410478 0.039782 0.041602
0 0.729746 0.417758 0.023401 0.039522
0 0.773039 0.411518 0.042123 0.056163
0 0.812821 0.400077 0.046803 0.058243
0 0.854358 0.410478 0.069034 0.062404
0 0.978971 0.433013 0.039782 0.104700
