0 0.491859 0.504315 0.021696 0.025714
0 0.462931 0.501560 0.017564 0.023878
0 0.593183 0.508907 0.016531 0.023878
0 0.582852 0.497886 0.012398 0.023878
0 0.668088 0.516254 0.058890 0.038571
0 0.512136 0.517210 0.021635 0.044158
0 0.619381 0.508644 0.021696 0.031224
0 0.546174 0.573192 0.104349 0.141429
0 0.933979 0.589985 0.130179 0.200204
0 0.683068 0.530816 0.026862 0.044082
0 0.711333 0.533834 0.040293 0.071633
0 0.738712 0.536589 0.066122 0.102857
0 0.828597 0.570616 0.117781 0.101116
1 0.198666 0.406121 0.397332 0.812242
