0 0.439525 0.446939 0.023246 0.039796
0 0.417140 0.453827 0.021524 0.044388
0 0.398629 0.460714 0.032717 0.048980
0 0.361607 0.467602 0.046492 0.059694
0 0.238651 0.482453 0.038207 0.057544
0 0.127424 0.508163 0.173916 0.162245
0 0.296174 0.482143 0.077487 0.082653
0 0.595361 0.445408 0.018080 0.027551
0 0.612150 0.445102 0.010332 0.021429
0 0.622051 0.445102 0.007749 0.021429
0 0.635826 0.451225 0.018080 0.030612
0 0.653907 0.452755 0.019802 0.027551
0 0.700394 0.426319 0.074914 0.142893
0 0.731968 0.455102 0.088680 0.104082
0 0.962441 0.553426 0.068878 0.192857
0 0.013212 0.540913 0.025686 0.063749
1 0.038500 0.449961 0.077001 0.228282
