0 0.440142 0.568041 0.024356 0.037113
0 0.414626 0.574227 0.033634 0.032990
0 0.386791 0.573196 0.028995 0.051546
0 0.359536 0.582474 0.039433 0.057732
0 0.277760 0.588650 0.073046 0.094826
0 0.190206 0.615464 0.102062 0.107217
0 0.516688 0.576837 0.017397 0.034085
0 0.535825 0.581443 0.025515 0.035052
0 0.550439 0.594608 0.024588 0.053133
0 0.571817 0.597098 0.034871 0.070485
0 0.608893 0.617452 0.069590 0.086849
0 0.726505 0.646594 0.167958 0.199722
0 0.887259 0.758271 0.225481 0.363524
0 0.059437 0.655914 0.118874 0.124069
