0 0.403570 0.483505 0.040942 0.065854
0 0.307552 0.471374 0.030219 0.038126
0 0.643935 0.457476 0.024222 0.034593
0 0.669206 0.461842 0.022421 0.039859
0 0.687240 0.460109 0.021446 0.036393
0 0.766199 0.463575 0.023395 0.036393
0 0.791544 0.470507 0.031194 0.039859
0 0.858806 0.466175 0.095531 0.076252
0 0.793981 0.438447 0.032169 0.024262
0 0.269047 0.489570 0.050690 0.050257
0 0.369452 0.510366 0.072136 0.088383
0 0.469857 0.488704 0.042892 0.069320
0 0.120389 0.653338 0.240778 0.370860
0 0.424550 0.476013 0.013958 0.042184
0 0.616470 0.454301 0.013958 0.028536
