0 0.311973 0.598125 0.014502 0.028125
0 0.302745 0.602812 0.017139 0.037500
0 0.281651 0.603984 0.040869 0.063281
0 0.255943 0.618046 0.052734 0.077344
0 0.201890 0.633281 0.081738 0.112500
0 0.119493 0.655546 0.125244 0.157031
0 0.414805 0.585234 0.014502 0.030469
0 0.426670 0.584062 0.014502 0.032812
0 0.437217 0.581718 0.019775 0.046875
0 0.453037 0.585234 0.019775 0.049219
0 0.484019 0.585234 0.058008 0.058594
0 0.530821 0.593437 0.051416 0.089062
0 0.576304 0.596953 0.084375 0.105469
0 0.671885 0.612187 0.122607 0.173437
0 0.799107 0.643828 0.242578 0.260156
0 0.040301 0.671953 0.080601 0.208594
0 0.922373 0.666093 0.154248 0.379687
0 0.363389 0.591093 0.035596 0.028125
