0 0.587757 0.620999 0.064006 0.102089
0 0.630777 0.641325 0.080257 0.101139
0 0.766018 0.599076 0.180191 0.166410
0 0.258208 0.660440 0.011701 0.031202
0 0.244167 0.661480 0.016381 0.024961
0 0.226031 0.661480 0.022231 0.033282
0 0.197949 0.676041 0.038612 0.037442
0 0.446090 0.638598 0.036100 0.054083
0 0.023609 0.738444 0.043293 0.058243
0 0.832127 0.684361 0.333470 0.449307
0 0.354412 0.667080 0.003489 0.007444
0 0.542494 0.620554 0.037686 0.085608
0 0.501318 0.626758 0.025124 0.058313
0 0.487709 0.623656 0.020239 0.044665
0 0.469564 0.621795 0.016051 0.038462
0 0.518765 0.626137 0.023728 0.059553
