0 0.497274 0.602338 0.016572 0.024262
0 0.478752 0.607537 0.020471 0.034660
0 0.465593 0.604938 0.017547 0.025995
0 0.451945 0.614469 0.017547 0.034660
0 0.384684 0.598872 0.023395 0.020796
0 0.349103 0.596273 0.041917 0.025995
0 0.317909 0.608404 0.028269 0.043325
0 0.284766 0.603205 0.039967 0.043325
0 0.256984 0.602338 0.023395 0.045058
0 0.138545 0.617935 0.232979 0.253017
0 0.423188 0.638731 0.073111 0.090116
0 0.531027 0.624805 0.059463 0.086526
0 0.559783 0.607414 0.015597 0.038126
0 0.587078 0.624744 0.046791 0.062388
0 0.870991 0.738254 0.254425 0.516432
0 0.037530 0.751676 0.073111 0.146456
