0 0.450050 0.365221 0.018711 0.019405
0 0.347644 0.534178 0.007017 0.019405
0 0.339068 0.535564 0.010135 0.022177
0 0.362457 0.528634 0.011695 0.016632
0 0.375711 0.541802 0.030406 0.051283
0 0.270459 0.534871 0.021050 0.018018
0 0.247849 0.532099 0.017932 0.023563
0 0.215104 0.539723 0.052236 0.063758
0 0.045921 0.517546 0.035084 0.044353
0 0.102621 0.547484 0.085761 0.085934
0 0.022464 0.575898 0.044927 0.090092
0 0.302600 0.564117 0.070948 0.102567
0 0.647593 0.582135 0.176200 0.180185
0 0.402395 0.560652 0.060033 0.081776
