0 0.539856 0.429960 0.010428 0.024243
0 0.551148 0.428316 0.018325 0.031808
0 0.574550 0.435495 0.012434 0.030284
0 0.585910 0.438883 0.013401 0.026471
0 0.595367 0.438958 0.012355 0.031916
0 0.467537 0.428294 0.005956 0.021176
0 0.456370 0.433589 0.010423 0.021176
0 0.445947 0.437559 0.013401 0.029118
0 0.433291 0.446824 0.014890 0.031765
0 0.406489 0.456089 0.038713 0.055588
0 0.617923 0.441530 0.032757 0.047647
0 0.490616 0.445500 0.040202 0.071471
0 0.661103 0.423000 0.041691 0.031765
0 0.709495 0.448147 0.150386 0.103235
