0 0.397028 0.301890 0.011959 0.012756
0 0.383275 0.311457 0.010763 0.010630
0 0.374306 0.318898 0.014350 0.025512
0 0.361152 0.323150 0.016742 0.029764
0 0.346203 0.330296 0.017938 0.031300
0 0.326472 0.331035 0.021526 0.037030
0 0.305544 0.332098 0.022721 0.034904
0 0.289998 0.335863 0.025113 0.038183
0 0.235594 0.344963 0.039624 0.077642
0 0.200627 0.353233 0.062741 0.089930
0 0.144700 0.362242 0.076535 0.107948
0 0.066371 0.390118 0.132741 0.150945
0 0.411378 0.309331 0.009567 0.023386
0 0.423337 0.316772 0.021526 0.034016
0 0.429914 0.321377 0.027505 0.034723
0 0.458017 0.326206 0.028701 0.035876
0 0.488366 0.332765 0.036781 0.066002
0 0.510926 0.334981 0.048417 0.083191
0 0.547432 0.342188 0.054460 0.097605
0 0.605688 0.353972 0.112273 0.124489
0 0.736318 0.371171 0.232095 0.219820
0 0.892385 0.446743 0.213879 0.310117
0 0.254392 0.338739 0.030405 0.068468
0 0.013682 0.427027 0.027365 0.136937
