0 0.293537 0.731135 0.016373 0.026335
0 0.275215 0.733214 0.029627 0.036037
0 0.247148 0.744302 0.040542 0.047125
0 0.207928 0.750806 0.046305 0.062352
0 0.140334 0.764112 0.098385 0.097002
0 0.323553 0.734600 0.031186 0.038809
0 0.387484 0.726283 0.035864 0.041581
0 0.014423 0.765092 0.027288 0.094251
0 0.480652 0.717967 0.019491 0.027721
0 0.461161 0.712423 0.011695 0.022177
0 0.532108 0.726283 0.011695 0.027721
0 0.504821 0.729056 0.039762 0.044353
0 0.562904 0.733214 0.040542 0.049897
0 0.647106 0.742223 0.076405 0.101181
0 0.790509 0.840541 0.350738 0.318919
0 0.433873 0.714502 0.022610 0.026335
