0 0.453517 0.451650 0.016373 0.019405
0 0.439873 0.451650 0.012474 0.022177
0 0.432077 0.453729 0.015593 0.023563
0 0.418043 0.460659 0.018711 0.029107
0 0.386078 0.448878 0.045219 0.069302
0 0.375552 0.462738 0.035084 0.058214
0 0.510431 0.462045 0.014813 0.023563
0 0.532261 0.466203 0.025728 0.040195
0 0.557210 0.472440 0.027288 0.058214
0 0.569088 0.480180 0.031419 0.055856
0 0.596972 0.488380 0.042881 0.067916
0 0.623941 0.496719 0.071713 0.091246
0 0.329832 0.465312 0.057694 0.083162
0 0.723998 0.540158 0.166844 0.174641
0 0.095249 0.509009 0.190498 0.225225
0 0.919300 0.505309 0.159827 0.127515
0 0.966134 0.715501 0.066381 0.233863
