0 0.316142 0.385547 0.026367 0.044531
0 0.351079 0.377343 0.027686 0.042187
0 0.526025 0.399609 0.018457 0.044531
0 0.541186 0.407812 0.022412 0.042187
0 0.489507 0.392578 0.011338 0.021094
0 0.482519 0.392578 0.007910 0.021094
0 0.426095 0.385427 0.017405 0.025542
0 0.382852 0.396055 0.039025 0.054737
0 0.455830 0.389932 0.020772 0.030948
0 0.562905 0.414080 0.037703 0.054723
0 0.077534 0.505405 0.155068 0.318919
0 0.883277 0.470270 0.232095 0.248649
0 0.682910 0.417955 0.050098 0.057785
0 0.391734 0.776953 0.018457 0.007031
