0 0.437100 0.459980 0.019137 0.031300
0 0.449731 0.459299 0.012248 0.027218
0 0.457386 0.459980 0.007655 0.017692
0 0.469251 0.459299 0.011482 0.013609
0 0.427914 0.463382 0.019137 0.035383
0 0.403919 0.479583 0.029325 0.057050
0 0.527046 0.479032 0.024496 0.044909
0 0.519008 0.472908 0.019137 0.032661
0 0.509822 0.471547 0.017606 0.029940
0 0.502167 0.460660 0.014544 0.024496
0 0.552308 0.487198 0.053585 0.063962
0 0.378856 0.487011 0.038909 0.096249
0 0.319979 0.502848 0.110997 0.141532
0 0.219315 0.528024 0.188313 0.200050
0 0.618523 0.511694 0.107170 0.140171
0 0.688566 0.562046 0.161520 0.178276
0 0.094156 0.629084 0.185251 0.381048
0 0.858550 0.651539 0.278642 0.333417
0 0.481926 0.484685 0.043581 0.064865
