0 0.435856 0.723388 0.015024 0.026709
0 0.455659 0.724602 0.019121 0.033993
0 0.483658 0.724602 0.028681 0.043705
0 0.508925 0.730672 0.010926 0.046133
0 0.526680 0.740385 0.043705 0.050989
0 0.555362 0.741599 0.040974 0.058273
0 0.407857 0.724602 0.019121 0.029137
0 0.385322 0.729458 0.017755 0.033993
0 0.370298 0.733101 0.017755 0.050989
0 0.330690 0.736743 0.066923 0.072842
0 0.418100 0.735529 0.025950 0.041277
0 0.267864 0.739171 0.047802 0.053417
0 0.222111 0.744027 0.043705 0.053417
0 0.169528 0.770735 0.053266 0.053417
0 0.032267 0.855891 0.060094 0.104407
