0 0.424886 0.418009 0.010797 0.025592
0 0.410742 0.419624 0.023297 0.033088
0 0.355307 0.426540 0.017995 0.025592
0 0.305067 0.437752 0.025460 0.056213
0 0.459590 0.412966 0.013024 0.024037
0 0.468073 0.408412 0.010797 0.019194
0 0.234951 0.459080 0.050801 0.056549
0 0.330720 0.439368 0.044360 0.061741
0 0.382339 0.435304 0.045666 0.066064
0 0.444716 0.423198 0.026557 0.046694
0 0.532839 0.437487 0.027453 0.072764
0 0.585734 0.441480 0.097362 0.125119
0 0.708534 0.491665 0.189407 0.201433
0 0.873525 0.608886 0.252951 0.488388
0 0.149740 0.492024 0.175492 0.143764
0 0.074590 0.458531 0.046786 0.072512
0 0.042937 0.482607 0.085875 0.170097
