0 0.287442 0.604718 0.013178 0.042462
0 0.276735 0.603254 0.019767 0.051247
0 0.266028 0.607646 0.021414 0.054176
0 0.258204 0.612039 0.018943 0.054176
0 0.247886 0.614625 0.021369 0.056420
0 0.226083 0.614235 0.038710 0.073210
0 0.384756 0.603107 0.010077 0.016585
0 0.395039 0.603635 0.011382 0.020753
0 0.404818 0.605891 0.018099 0.038952
0 0.409753 0.610382 0.009876 0.031134
0 0.418265 0.607269 0.017561 0.037360
0 0.419312 0.609200 0.013235 0.036601
0 0.429335 0.610025 0.015187 0.044291
0 0.434046 0.605450 0.017296 0.046855
0 0.453813 0.604718 0.038710 0.060033
0 0.458952 0.615049 0.041733 0.059146
0 0.484184 0.632282 0.063176 0.076277
0 0.172770 0.613348 0.082883 0.095983
0 0.832116 0.751493 0.335768 0.386551
0 0.341389 0.595200 0.040357 0.054176
0 0.315349 0.599599 0.040989 0.052920
