0 0.328488 0.593549 0.014355 0.026796
0 0.383037 0.574835 0.011484 0.016588
0 0.438064 0.588871 0.015312 0.029348
0 0.429691 0.588871 0.014355 0.031900
0 0.425025 0.583767 0.015073 0.019140
0 0.314134 0.596527 0.024403 0.031900
0 0.289371 0.600355 0.027992 0.034452
0 0.261499 0.608649 0.035887 0.043384
0 0.224296 0.613115 0.036605 0.049764
0 0.022968 0.641186 0.045936 0.065076
0 0.479813 0.611201 0.025121 0.048488
0 0.470482 0.612477 0.013637 0.043384
0 0.507446 0.614391 0.044500 0.070180
0 0.740355 0.600993 0.099049 0.089320
0 0.936614 0.667599 0.123452 0.132703
0 0.358873 0.610350 0.055984 0.089319
0 0.396914 0.574622 0.017226 0.017864
0 0.410551 0.575898 0.015790 0.028072
0 0.121299 0.616943 0.097613 0.108459
0 0.549435 0.625237 0.066033 0.096975
0 0.453615 0.592699 0.029428 0.034452
0 0.679347 0.605459 0.030145 0.049764
