0 0.946664 0.636840 0.105531 0.289478
0 0.127212 0.527696 0.252475 0.438447
0 0.225083 0.464442 0.162793 0.204493
0 0.307454 0.435847 0.079934 0.123042
0 0.338648 0.408120 0.060438 0.112644
0 0.368020 0.400120 0.029499 0.061985
0 0.381130 0.401994 0.016728 0.038006
0 0.391288 0.397722 0.011698 0.032927
0 0.427356 0.401188 0.015597 0.025995
0 0.439053 0.398588 0.019496 0.048524
0 0.457575 0.404654 0.025345 0.071053
0 0.467810 0.419384 0.024370 0.083184
0 0.502319 0.428915 0.036068 0.109178
1 0.613934 0.437580 0.222256 0.258216
0 0.409809 0.398588 0.021446 0.027728
