0 0.468199 0.477422 0.013184 0.025781
0 0.480064 0.478593 0.015820 0.028125
0 0.490611 0.482109 0.015820 0.021094
0 0.506534 0.489483 0.034483 0.040486
0 0.545982 0.495406 0.047461 0.050749
0 0.564670 0.514853 0.052271 0.077207
0 0.611900 0.532500 0.081738 0.093750
0 0.362730 0.481995 0.013184 0.040072
0 0.297097 0.509981 0.044612 0.070805
0 0.254624 0.514922 0.055371 0.067969
0 0.412168 0.475078 0.017139 0.021094
0 0.388910 0.485625 0.020719 0.028125
0 0.757578 0.602812 0.230713 0.229687
0 0.344371 0.489820 0.031837 0.050578
0 0.184092 0.520781 0.098877 0.117187
0 0.045665 0.540703 0.090967 0.189844
