0 0.048433 0.443268 0.068164 0.095669
0 0.174597 0.422008 0.066969 0.091417
0 0.332451 0.379488 0.040659 0.044646
0 0.300760 0.394370 0.034680 0.040394
0 0.404203 0.375236 0.019134 0.031890
0 0.382677 0.373110 0.023917 0.027638
0 0.365935 0.374173 0.021526 0.029764
0 0.484326 0.364606 0.016742 0.027638
0 0.502264 0.367795 0.031093 0.059528
0 0.520202 0.374173 0.014350 0.034016
0 0.539934 0.375236 0.025113 0.048898
0 0.578799 0.382677 0.057402 0.055276
0 0.640984 0.393307 0.066969 0.085039
0 0.111814 0.435827 0.089690 0.097795
0 0.258307 0.393307 0.057402 0.063780
0 0.449048 0.413504 0.094473 0.129685
0 0.710345 0.403937 0.107628 0.097795
0 0.005979 0.451559 0.011959 0.093543
