0 0.548720 0.265834 0.004588 0.006118
0 0.545278 0.269913 0.008030 0.008157
0 0.540117 0.277050 0.008030 0.014275
0 0.563891 0.268674 0.005162 0.011216
0 0.569914 0.271733 0.008030 0.011216
0 0.573642 0.281420 0.009750 0.014275
0 0.591135 0.288048 0.014912 0.013255
0 0.601506 0.302068 0.009177 0.022432
0 0.614698 0.297479 0.025236 0.017334
0 0.615558 0.316343 0.022368 0.030589
0 0.505925 0.301813 0.012044 0.016314
0 0.536036 0.279890 0.009177 0.011216
0 0.518512 0.290055 0.016633 0.016314
0 0.564682 0.292094 0.011471 0.016314
0 0.554358 0.290055 0.011471 0.020393
0 0.479198 0.328291 0.036133 0.045884
0 0.577457 0.290565 0.012618 0.015295
0 0.497117 0.308169 0.011384 0.015836
0 0.461800 0.340559 0.044163 0.061178
0 0.590179 0.312519 0.024089 0.037727
0 0.637210 0.320166 0.035560 0.048943
