0 0.393530 0.502399 0.017139 0.035156
0 0.380625 0.504458 0.013944 0.041084
0 0.350024 0.498828 0.011865 0.030469
0 0.410009 0.502343 0.013184 0.023437
0 0.425673 0.500575 0.020780 0.029474
0 0.444726 0.494140 0.018457 0.030469
0 0.461645 0.503515 0.022412 0.044531
0 0.482370 0.508963 0.030996 0.060114
0 0.524707 0.513281 0.068555 0.079687
0 0.364526 0.506793 0.030322 0.059851
0 0.251806 0.517578 0.034277 0.049219
0 0.162817 0.533984 0.061963 0.053906
0 0.028345 0.554687 0.056689 0.032812
0 0.290698 0.529297 0.067236 0.091406
0 0.097559 0.533203 0.021094 0.030469
