0 0.578979 0.625000 0.006592 0.018750
0 0.586889 0.634375 0.019775 0.032812
0 0.606005 0.636718 0.026367 0.042187
0 0.644238 0.647265 0.065918 0.086719
0 0.677856 0.630859 0.017139 0.030469
0 0.555908 0.646640 0.052734 0.083281
0 0.503173 0.635546 0.018457 0.025781
0 0.520971 0.636718 0.014502 0.028125
0 0.450988 0.638630 0.025532 0.029448
0 0.416914 0.641549 0.019197 0.039974
0 0.397278 0.643729 0.034427 0.044728
0 0.333017 0.648515 0.036914 0.077344
0 0.291489 0.649687 0.061963 0.075000
0 0.228076 0.655546 0.087012 0.086719
0 0.106128 0.639140 0.032959 0.072656
0 0.028345 0.637968 0.056689 0.075000
0 0.429232 0.644055 0.013809 0.034964
0 0.438647 0.883322 0.005858 0.007642
