0 0.482530 0.427182 0.015597 0.029461
0 0.468883 0.433248 0.019496 0.031194
0 0.454748 0.434114 0.018521 0.039859
0 0.436227 0.437580 0.034118 0.050257
0 0.396747 0.441913 0.040942 0.076252
0 0.340208 0.447112 0.072136 0.097048
0 0.555640 0.419384 0.015597 0.038126
0 0.564414 0.425449 0.017547 0.043325
0 0.582448 0.428049 0.026320 0.058922
0 0.598045 0.431515 0.030219 0.076252
0 0.619978 0.431515 0.042892 0.097048
0 0.631675 0.442779 0.035093 0.088383
0 0.265635 0.468774 0.119901 0.116110
0 0.498127 0.429782 0.015597 0.031194
0 0.541506 0.421983 0.018521 0.025995
0 0.518598 0.426316 0.019496 0.027728
0 0.685777 0.443646 0.112103 0.145571
