0 0.411487 0.428012 0.018721 0.023975
0 0.389256 0.451387 0.021061 0.037442
0 0.372875 0.461788 0.030422 0.045763
0 0.340698 0.472188 0.043293 0.062404
0 0.298575 0.495070 0.059674 0.079045
0 0.256453 0.507550 0.064354 0.091525
0 0.193269 0.524191 0.101796 0.124807
0 0.615664 0.477389 0.090095 0.139368
0 0.711025 0.456587 0.079565 0.068644
0 0.763678 0.469068 0.039782 0.060324
0 0.785324 0.470108 0.019891 0.058243
0 0.075092 0.537712 0.148599 0.230894
0 0.652521 0.517951 0.119347 0.128968
1 0.500997 0.446187 0.120517 0.243375
