0 0.305136 0.383594 0.011426 0.020312
0 0.294150 0.385156 0.012305 0.023438
0 0.283603 0.390625 0.012305 0.018750
0 0.275253 0.402344 0.011426 0.014062
0 0.258554 0.407031 0.020215 0.023437
0 0.246689 0.409375 0.012305 0.021875
0 0.240097 0.410156 0.009668 0.017187
0 0.223398 0.417969 0.025488 0.035937
0 0.171542 0.434375 0.036035 0.043750
0 0.430380 0.393750 0.014062 0.018750
0 0.434775 0.410156 0.015820 0.020312
0 0.444882 0.421875 0.014941 0.031250
0 0.458066 0.434375 0.011426 0.028125
0 0.468613 0.440625 0.013184 0.031250
0 0.476083 0.444531 0.010547 0.032812
0 0.490146 0.452344 0.022852 0.042187
0 0.511679 0.457031 0.023730 0.039062
0 0.540243 0.458594 0.040430 0.048437
0 0.575839 0.457031 0.037793 0.051562
0 0.625497 0.471875 0.089648 0.100000
