0 0.405576 0.398906 0.017139 0.018750
0 0.375254 0.407109 0.025049 0.035156
0 0.360093 0.405937 0.018457 0.032812
0 0.344273 0.397734 0.026367 0.053906
0 0.320542 0.408281 0.039551 0.051562
0 0.466880 0.410625 0.010547 0.018750
0 0.473347 0.414140 0.021344 0.021094
0 0.492588 0.415312 0.022412 0.028125
0 0.509727 0.414140 0.019775 0.030469
0 0.422715 0.405937 0.022412 0.023437
0 0.563780 0.450468 0.117334 0.140625
1 0.275059 0.390703 0.067236 0.096094
1 0.580918 0.376640 0.059326 0.044531
0 0.238804 0.436406 0.087012 0.112500
0 0.107627 0.424687 0.127881 0.121875
0 0.930283 0.462187 0.138428 0.187500
