0 0.091632 0.622144 0.179365 0.162901
0 0.956286 0.720058 0.079934 0.178498
0 0.237853 0.586618 0.105279 0.143838
0 0.302678 0.587484 0.043866 0.086650
0 0.342645 0.584018 0.038018 0.072786
0 0.375301 0.571887 0.040942 0.069320
0 0.400159 0.565822 0.024370 0.057189
0 0.425504 0.564955 0.018521 0.055456
0 0.442075 0.559756 0.024370 0.048524
0 0.460109 0.558023 0.019496 0.034660
0 0.879764 0.623877 0.227130 0.228755
0 0.756451 0.596149 0.120876 0.159435
0 0.698450 0.584018 0.075060 0.110911
0 0.659945 0.582285 0.038992 0.093582
0 0.628264 0.574487 0.030219 0.064121
0 0.599507 0.561489 0.037043 0.048524
0 0.577086 0.563222 0.019496 0.034660
