0 0.037043 0.516432 0.074085 0.194095
0 0.119901 0.529429 0.107229 0.126508
0 0.191062 0.521631 0.076035 0.097048
0 0.871966 0.641207 0.254425 0.332734
0 0.728669 0.576220 0.184239 0.199294
0 0.621440 0.567555 0.090657 0.123042
0 0.571237 0.552824 0.060438 0.079718
0 0.311451 0.518165 0.041917 0.045058
0 0.502513 0.533761 0.039967 0.048524
0 0.341183 0.515565 0.015597 0.032927
0 0.355317 0.511233 0.012673 0.024262
0 0.479118 0.525963 0.014622 0.032927
0 0.467908 0.519898 0.011698 0.013864
0 0.458160 0.516432 0.015597 0.017330
