1 0.089586 0.599290 0.093383 0.122230
0 0.152911 0.606588 0.036513 0.034662
0 0.630384 0.561892 0.044126 0.058378
0 0.597546 0.561892 0.017445 0.047432
0 0.539054 0.561892 0.035916 0.036486
0 0.522122 0.560067 0.020524 0.032838
0 0.267149 0.586406 0.017139 0.018750
0 0.248692 0.586406 0.014502 0.018750
0 0.238804 0.593437 0.018457 0.023437
0 0.223643 0.594609 0.022412 0.021094
0 0.209141 0.598125 0.019775 0.023437
0 0.193321 0.600468 0.025049 0.028125
0 0.503135 0.554765 0.019775 0.025781
0 0.487315 0.558281 0.014502 0.018750
0 0.421397 0.561796 0.014502 0.016406
0 0.408213 0.562968 0.014502 0.018750
0 0.394370 0.564140 0.013184 0.016406
0 0.362071 0.568828 0.019775 0.030469
0 0.338340 0.572343 0.022412 0.032812
