0 0.349795 0.403828 0.012586 0.019890
0 0.337209 0.406314 0.020977 0.019890
0 0.312036 0.410043 0.015383 0.022376
0 0.292457 0.412530 0.023774 0.032320
0 0.261282 0.411286 0.034145 0.044751
0 0.395945 0.400099 0.015383 0.022376
0 0.414824 0.401342 0.011188 0.019890
0 0.426012 0.406314 0.011188 0.019890
0 0.437200 0.412530 0.013985 0.022376
0 0.449786 0.416259 0.011188 0.029834
0 0.464470 0.422474 0.018180 0.032320
0 0.703611 0.472198 0.169216 0.181492
0 0.865834 0.467226 0.127262 0.087017
0 0.976368 0.469712 0.046258 0.067127
