0 0.228105 0.651605 0.038992 0.055456
0 0.187651 0.657670 0.043866 0.067587
0 0.144759 0.659403 0.055564 0.074519
0 0.094069 0.659403 0.104304 0.091849
0 0.440711 0.635141 0.008773 0.015597
0 0.399281 0.636008 0.009748 0.013864
0 0.404155 0.635141 0.007798 0.015597
0 0.365358 0.640340 0.025345 0.036393
0 0.412246 0.639474 0.010723 0.013864
0 0.454943 0.641207 0.018521 0.024262
0 0.606525 0.673267 0.111128 0.133440
0 0.515478 0.666335 0.063168 0.067587
0 0.308239 0.643806 0.025725 0.036393
0 0.333394 0.642073 0.017547 0.025995
0 0.022908 0.671534 0.045816 0.129974
