0 0.429685 0.526777 0.010797 0.017062
0 0.443481 0.519312 0.011996 0.019194
0 0.443481 0.496919 0.004799 0.021327
0 0.420088 0.529976 0.008398 0.023460
0 0.412890 0.527843 0.013196 0.036256
0 0.403293 0.537440 0.015595 0.029858
0 0.391896 0.542772 0.016795 0.031991
0 0.379900 0.542772 0.016795 0.040521
0 0.368503 0.545971 0.013196 0.051185
0 0.357106 0.547038 0.023993 0.057583
0 0.325916 0.549170 0.047986 0.070379
0 0.299524 0.564099 0.047986 0.070379
0 0.263534 0.571564 0.057583 0.085308
0 0.193955 0.582227 0.110367 0.115166
0 0.462675 0.526777 0.014396 0.021327
0 0.480070 0.525711 0.013196 0.019194
0 0.495665 0.535308 0.017995 0.021327
0 0.508262 0.536374 0.011996 0.036256
0 0.531055 0.531042 0.035989 0.063981
0 0.537053 0.545971 0.028791 0.059716
0 0.553848 0.558767 0.023993 0.102370
0 0.573042 0.555568 0.028791 0.100237
0 0.621028 0.567298 0.091173 0.136493
0 0.726597 0.613151 0.206339 0.219668
0 0.494466 0.516113 0.015595 0.017062
0 0.478270 0.509715 0.011996 0.012796
0 0.077036 0.619877 0.154071 0.183051
