0 0.502686 0.539206 0.019654 0.023824
0 0.530380 0.534441 0.021441 0.033353
0 0.549588 0.538412 0.024121 0.034941
0 0.593364 0.544764 0.058070 0.069882
0 0.625079 0.556676 0.071471 0.093706
0 0.650094 0.568588 0.067897 0.108000
0 0.706823 0.583676 0.115246 0.141353
0 0.840980 0.626823 0.248360 0.222353
0 0.443276 0.534706 0.041989 0.044471
0 0.414241 0.533912 0.021441 0.042882
0 0.403073 0.540264 0.022335 0.046059
0 0.382972 0.543441 0.037522 0.061941
0 0.349024 0.544235 0.048243 0.069882
0 0.332050 0.556941 0.039309 0.073059
0 0.284254 0.560117 0.074151 0.101647
0 0.230651 0.579176 0.099165 0.108000
0 0.120318 0.608294 0.151875 0.177882
0 0.024424 0.620206 0.048848 0.249353
