0 0.907245 0.335016 0.097244 0.072729
0 0.836087 0.341952 0.025950 0.031565
0 0.810137 0.339524 0.025950 0.031565
0 0.778877 0.345133 0.026255 0.052495
0 0.743897 0.350450 0.024584 0.053417
0 0.683119 0.346808 0.025950 0.031565
0 0.710435 0.351664 0.036876 0.041277
0 0.657899 0.346808 0.032685 0.036421
0 0.586149 0.348022 0.015024 0.029137
0 0.598441 0.349236 0.023218 0.026709
0 0.548590 0.349236 0.032779 0.031565
0 0.544492 0.371088 0.030047 0.036421
0 0.518542 0.365791 0.032779 0.045250
0 0.310687 0.374731 0.020544 0.019424
