0 0.286855 0.520443 0.108411 0.134583
0 0.360844 0.507292 0.036401 0.090035
0 0.396849 0.510105 0.032444 0.064713
0 0.426524 0.503071 0.025322 0.059086
0 0.451451 0.498851 0.021366 0.050645
0 0.490757 0.486190 0.047208 0.056272
0 0.533774 0.475625 0.027747 0.026250
0 0.584789 0.470012 0.022157 0.032356
0 0.603385 0.473529 0.008705 0.025322
0 0.610902 0.474935 0.009496 0.036577
0 0.617233 0.477749 0.009496 0.042204
0 0.631872 0.481969 0.016618 0.045018
0 0.652447 0.481969 0.019783 0.067526
0 0.680935 0.488300 0.035610 0.080188
0 0.726040 0.490790 0.053019 0.118931
0 0.779296 0.522063 0.087046 0.136459
0 0.869112 0.548677 0.111577 0.153572
0 0.116325 0.544492 0.232649 0.212549
0 0.943485 0.577390 0.110785 0.185697
