0 0.445072 0.425189 0.019501 0.022432
0 0.426145 0.427228 0.013765 0.026511
0 0.415247 0.431307 0.021795 0.030589
0 0.399188 0.435385 0.021795 0.026511
0 0.387717 0.441503 0.021795 0.026511
0 0.367069 0.449218 0.037854 0.041940
0 0.327538 0.452793 0.038914 0.045011
0 0.287920 0.464955 0.040148 0.053021
0 0.242610 0.469033 0.045884 0.057100
0 0.169878 0.479030 0.085816 0.101565
0 0.517339 0.408875 0.017206 0.022432
0 0.533971 0.421110 0.016059 0.030589
0 0.558634 0.428248 0.024089 0.036707
0 0.471191 0.413264 0.016679 0.023054
0 0.502426 0.424169 0.021795 0.028550
0 0.593620 0.431307 0.041295 0.067296
0 0.820533 0.512878 0.272585 0.275302
0 0.974810 0.494367 0.047468 0.136945
0 0.062813 0.512057 0.124480 0.130912
