0 0.663398 0.364687 0.008437 0.020625
0 0.671836 0.368437 0.014766 0.024375
0 0.573222 0.370312 0.015820 0.028125
0 0.562676 0.370312 0.017930 0.024375
0 0.552129 0.369375 0.015820 0.026250
0 0.538418 0.376875 0.017930 0.030000
0 0.527871 0.382500 0.020039 0.022500
0 0.515455 0.390917 0.023777 0.035666
0 0.642304 0.364687 0.016875 0.020625
0 0.690720 0.371003 0.023004 0.049243
0 0.368613 0.408750 0.093867 0.093750
0 0.810566 0.432102 0.226680 0.264545
0 0.913359 0.364687 0.170859 0.253125
0 0.120762 0.441562 0.239414 0.215625
0 0.971367 0.485878 0.054844 0.248006
0 0.614883 0.368437 0.014766 0.013125
0 0.594844 0.369375 0.016875 0.022500
