0 0.024559 0.458615 0.049118 0.255356
0 0.913355 0.529466 0.172302 0.338193
0 0.771633 0.434074 0.288901 0.297100
0 0.619428 0.439721 0.069388 0.139298
0 0.560175 0.415118 0.067829 0.115041
0 0.120065 0.422048 0.118506 0.081776
0 0.193742 0.416504 0.038203 0.081776
0 0.222589 0.396406 0.031965 0.049897
0 0.303282 0.396406 0.028067 0.052669
0 0.527430 0.388783 0.036643 0.045739
0 0.495075 0.385318 0.031186 0.049897
0 0.456482 0.381160 0.013254 0.024949
0 0.448686 0.372190 0.017932 0.026256
0 0.334078 0.400565 0.041321 0.063758
0 0.385318 0.400565 0.043314 0.055441
0 0.478313 0.394327 0.039762 0.054055
0 0.260432 0.404723 0.081022 0.088706
