0 0.505772 0.490312 0.017139 0.042187
0 0.563120 0.518437 0.029004 0.084375
0 0.578941 0.513750 0.034277 0.112500
0 0.607285 0.520781 0.077783 0.140625
0 0.667271 0.539531 0.123926 0.187500
0 0.809653 0.591093 0.303222 0.328125
0 0.315928 0.507890 0.035596 0.072656
0 0.297471 0.509062 0.043506 0.079687
0 0.263194 0.514922 0.067236 0.086719
0 0.524229 0.497343 0.030322 0.051562
0 0.461607 0.536015 0.087012 0.142969
0 0.079283 0.540703 0.158203 0.166406
0 0.901279 0.688635 0.196435 0.406021
0 0.379536 0.539289 0.003489 0.004963
0 0.420014 0.493383 0.027218 0.039702
0 0.380583 0.489661 0.034895 0.049628
