0 0.128712 0.472786 0.085009 0.051119
0 0.059046 0.470672 0.059003 0.061277
0 0.015022 0.477389 0.030044 0.060324
0 0.269908 0.501310 0.077225 0.049923
0 0.454779 0.494030 0.025742 0.035362
0 0.543705 0.496110 0.028082 0.039522
0 0.343623 0.531472 0.117007 0.131048
0 0.855528 0.540077 0.160300 0.127456
0 0.905256 0.586595 0.187211 0.282897
0 0.641019 0.577097 0.206330 0.197336
0 0.178893 0.472291 0.033499 0.039702
0 0.214136 0.478495 0.030009 0.027295
0 0.220068 0.471050 0.026520 0.027295
0 0.392098 0.489661 0.034197 0.044665
0 0.417571 0.484078 0.044665 0.031017
0 0.468866 0.485939 0.024426 0.037221
0 0.525047 0.489041 0.013958 0.031017
0 0.517719 0.485939 0.011864 0.024814
