0 0.025956 0.479746 0.051483 0.064068
0 0.052127 0.473644 0.076367 0.064068
0 0.095887 0.473644 0.074650 0.061017
0 0.119484 0.467542 0.049767 0.048814
0 0.190702 0.455339 0.049767 0.030508
0 0.298816 0.449237 0.018877 0.036610
0 0.252910 0.469068 0.074650 0.054915
1 0.339574 0.437797 0.071218 0.068644
0 0.761305 0.484322 0.105540 0.131186
0 0.708535 0.468305 0.041186 0.111356
0 0.694807 0.456864 0.034322 0.073220
0 0.678075 0.452288 0.019735 0.067119
0 0.668207 0.445424 0.020593 0.062542
0 0.660055 0.443898 0.018019 0.062542
