0 0.459398 0.410824 0.015211 0.015601
0 0.446212 0.412524 0.018090 0.025241
0 0.427222 0.416545 0.019891 0.029122
0 0.408208 0.422265 0.025156 0.030162
0 0.387439 0.431106 0.019891 0.047843
0 0.369303 0.434226 0.025742 0.058243
0 0.349997 0.436826 0.031592 0.073844
0 0.308778 0.442138 0.049780 0.082388
0 0.264927 0.452650 0.069619 0.096726
0 0.209741 0.475828 0.082490 0.082165
0 0.161768 0.495069 0.107061 0.083205
0 0.546364 0.415193 0.022816 0.033282
0 0.574738 0.426113 0.032762 0.057203
0 0.054233 0.504638 0.108465 0.153929
0 0.617153 0.443274 0.064939 0.072804
0 0.853858 0.535112 0.290177 0.292257
