0 0.449199 0.450000 0.017050 0.030311
0 0.462314 0.446503 0.022296 0.041969
0 0.474773 0.454663 0.023608 0.044301
0 0.489200 0.458161 0.031477 0.046632
0 0.515431 0.456995 0.049838 0.072280
0 0.561990 0.466321 0.082626 0.109585
0 0.609205 0.488472 0.090495 0.135233
0 0.710193 0.510622 0.199352 0.198187
0 0.323748 0.445995 0.016137 0.024331
0 0.292471 0.448834 0.039346 0.032642
0 0.165846 0.468906 0.134964 0.096101
0 0.104192 0.479451 0.127069 0.117193
0 0.082809 0.530533 0.074921 0.094434
0 0.880691 0.614378 0.236075 0.328756
0 0.022798 0.468038 0.045596 0.209499
0 0.437461 0.442514 0.020239 0.029777
0 0.174705 0.493383 0.030707 0.052109
0 0.212391 0.468569 0.086538 0.081886
0 0.228443 0.454301 0.085143 0.070720
0 0.252171 0.458023 0.055831 0.070720
