0 0.378161 0.606340 0.023707 0.039426
0 0.354834 0.599547 0.029824 0.024471
0 0.352152 0.619260 0.039766 0.059819
0 0.312796 0.629121 0.060448 0.083620
0 0.240044 0.636615 0.122356 0.159063
0 0.445881 0.603703 0.014293 0.030460
0 0.454330 0.607458 0.016639 0.029418
0 0.473585 0.614249 0.033322 0.046880
0 0.497485 0.627210 0.042559 0.080458
0 0.512438 0.637494 0.026625 0.082012
0 0.568349 0.651383 0.101513 0.144007
0 0.703821 0.734139 0.197300 0.280060
0 0.867966 0.717825 0.255419 0.535650
0 0.145569 0.672281 0.198829 0.213444
0 0.389622 0.597591 0.017571 0.038028
