0 0.908469 0.651274 0.181801 0.247787
0 0.031123 0.503580 0.059759 0.121456
0 0.362859 0.480166 0.014725 0.022438
0 0.349712 0.479232 0.013673 0.024307
0 0.335513 0.480166 0.025242 0.026177
0 0.287132 0.483906 0.018932 0.033657
0 0.279244 0.483906 0.019984 0.033657
0 0.267149 0.487646 0.025242 0.033657
0 0.251898 0.489515 0.022087 0.037396
0 0.239277 0.488581 0.017880 0.031787
0 0.218767 0.490450 0.033657 0.043006
0 0.164601 0.486711 0.076779 0.069183
0 0.094659 0.495125 0.067313 0.074792
0 0.518626 0.519432 0.015776 0.052355
0 0.535454 0.526912 0.015776 0.052355
0 0.550179 0.533456 0.034708 0.061704
0 0.601085 0.558698 0.077620 0.097230
0 0.734028 0.599834 0.190370 0.228116
0 0.410189 0.487646 0.025242 0.026177
0 0.385998 0.479232 0.014725 0.020568
0 0.450156 0.492320 0.027346 0.039266
