0 0.489925 0.561958 0.015279 0.022974
0 0.461916 0.557739 0.014408 0.020326
0 0.450892 0.560418 0.019132 0.033445
0 0.505429 0.554861 0.015839 0.039108
0 0.503424 0.562648 0.006923 0.019132
0 0.511687 0.570039 0.016728 0.028987
0 0.523907 0.559554 0.015839 0.023465
0 0.526114 0.568572 0.012819 0.020833
0 0.542292 0.578443 0.021998 0.034415
1 0.576331 0.573402 0.023949 0.040739
0 0.592645 0.592311 0.028739 0.041110
0 0.632497 0.602288 0.036345 0.040866
0 0.425498 0.574585 0.043588 0.058083
0 0.334801 0.563714 0.024430 0.037527
0 0.650150 0.618717 0.038458 0.041268
