0 0.510174 0.509252 0.012895 0.017830
0 0.520203 0.516712 0.012895 0.020377
0 0.528083 0.529448 0.014328 0.025472
0 0.534531 0.540910 0.015761 0.022925
0 0.551008 0.544731 0.025790 0.035660
0 0.568201 0.558740 0.028656 0.048396
0 0.588977 0.563835 0.044416 0.048396
0 0.623364 0.581665 0.050147 0.063679
0 0.677809 0.586759 0.061610 0.084057
0 0.727957 0.609684 0.064475 0.099340
0 0.786701 0.623693 0.127518 0.132453
0 0.878399 0.650439 0.170501 0.185944
0 0.495129 0.511618 0.008597 0.020377
0 0.489398 0.528174 0.011462 0.017830
0 0.480085 0.538363 0.015761 0.022925
0 0.472205 0.540910 0.017193 0.033113
0 0.463608 0.539637 0.017193 0.035660
0 0.454295 0.540910 0.024357 0.048396
0 0.423490 0.552372 0.063043 0.091698
0 0.377641 0.570203 0.085967 0.117170
0 0.323195 0.590580 0.103160 0.157925
0 0.191379 0.617325 0.249304 0.257264
0 0.055572 0.627514 0.111143 0.206321
0 0.958635 0.674637 0.078803 0.183396
