0 0.890000 0.697529 0.218357 0.275546
0 0.761325 0.620411 0.134523 0.152503
0 0.518598 0.622144 0.118927 0.194095
0 0.626505 0.591530 0.034817 0.049633
0 0.601202 0.576232 0.018521 0.041592
0 0.589141 0.574926 0.014622 0.036393
0 0.583171 0.566787 0.012391 0.034443
0 0.302190 0.579686 0.046791 0.060655
0 0.343132 0.552824 0.027295 0.017330
0 0.378106 0.574102 0.021685 0.032156
0 0.393822 0.565658 0.025345 0.039859
0 0.415162 0.566227 0.018441 0.031489
0 0.427433 0.566157 0.010707 0.022123
0 0.438941 0.563597 0.011698 0.020796
0 0.446920 0.563976 0.009932 0.018335
0 0.455132 0.561939 0.009550 0.015619
0 0.572792 0.562343 0.013460 0.026516
