0 0.399048 0.482844 0.008739 0.020249
0 0.386982 0.482784 0.009316 0.031194
0 0.370547 0.480461 0.018634 0.045297
0 0.356961 0.494940 0.033650 0.055506
0 0.338773 0.503183 0.018366 0.057929
0 0.318684 0.507950 0.044107 0.086213
0 0.265649 0.513281 0.090967 0.131250
0 0.419677 0.477734 0.010547 0.016406
0 0.449560 0.481640 0.013184 0.030469
0 0.462744 0.487500 0.026367 0.042187
0 0.482876 0.491232 0.033565 0.077778
0 0.528134 0.495257 0.084198 0.106139
0 0.962596 0.497696 0.074809 0.131862
0 0.467613 0.493992 0.014435 0.043895
0 0.394109 0.485551 0.008737 0.022961
