0 0.236229 0.463035 0.017215 0.022670
0 0.212192 0.460193 0.016752 0.026945
0 0.188061 0.460902 0.028319 0.034036
0 0.165246 0.460612 0.026562 0.043384
0 0.262689 0.456234 0.039531 0.058942
0 0.368458 0.451631 0.015514 0.034476
0 0.923130 0.453967 0.080974 0.123552
1 0.509438 0.412972 0.113492 0.124685
1 0.737459 0.422149 0.048266 0.119934
0 0.786047 0.437909 0.052920 0.092947
0 0.821434 0.433375 0.021678 0.088413
0 0.133019 0.461256 0.049059 0.051763
0 0.041869 0.471914 0.072686 0.061209
0 0.317947 0.470781 0.084162 0.108816
0 0.387219 0.457664 0.039079 0.053437
1 0.693122 0.422047 0.053878 0.107757
1 0.585926 0.415062 0.061736 0.129707
