0 0.029154 0.706358 0.058307 0.361497
0 0.947688 0.608694 0.104623 0.314576
0 0.167180 0.624378 0.231029 0.299076
0 0.322286 0.546097 0.106478 0.152913
0 0.387994 0.524842 0.050927 0.114122
0 0.418048 0.511430 0.032854 0.087044
0 0.440849 0.504724 0.025152 0.066153
0 0.457732 0.493086 0.021707 0.052678
0 0.474965 0.486981 0.014115 0.041612
0 0.487129 0.486264 0.011148 0.033246
0 0.825195 0.530295 0.244635 0.235687
0 0.697281 0.498089 0.106642 0.150478
0 0.637069 0.505337 0.041346 0.086979
0 0.606232 0.490024 0.045825 0.069828
0 0.582803 0.487574 0.018261 0.056353
0 0.568846 0.482514 0.018612 0.040108
0 0.550412 0.478099 0.018255 0.023849
0 0.519085 0.482738 0.014622 0.015797
