0 0.040058 0.688382 0.079753 0.155202
0 0.136961 0.673267 0.123801 0.116110
0 0.394220 0.605349 0.013786 0.032960
0 0.786670 0.614346 0.091632 0.046791
0 0.357468 0.626608 0.060668 0.081714
0 0.745267 0.728723 0.223178 0.247818
0 0.608221 0.630576 0.058370 0.090582
0 0.504968 0.585108 0.019461 0.032480
0 0.425595 0.605349 0.031850 0.048172
0 0.531198 0.581744 0.019352 0.026646
0 0.160356 0.573089 0.061413 0.056518
0 0.210071 0.575353 0.024370 0.041592
0 0.248089 0.567555 0.036068 0.046791
0 0.434764 0.567555 0.023395 0.022529
0 0.460939 0.558204 0.017257 0.028090
0 0.535170 0.547625 0.013647 0.020796
0 0.487891 0.534628 0.010723 0.015597
0 0.494958 0.524374 0.003411 0.004912
0 0.501051 0.544159 0.015597 0.017330
