0 0.428428 0.525963 0.014622 0.022529
0 0.402596 0.530295 0.009748 0.041592
0 0.414293 0.534628 0.013647 0.036393
0 0.385049 0.539827 0.013647 0.050257
0 0.371889 0.543293 0.014622 0.077985
0 0.348981 0.543293 0.031194 0.098781
0 0.308527 0.548492 0.067262 0.133440
0 0.216407 0.561489 0.163768 0.201027
0 0.102842 0.619545 0.205684 0.303274
0 0.454260 0.504301 0.013647 0.013864
0 0.503488 0.517298 0.006824 0.022529
0 0.513236 0.520764 0.016572 0.036393
0 0.529808 0.522497 0.024370 0.057189
0 0.559052 0.531162 0.038018 0.088383
0 0.591221 0.538960 0.063363 0.107445
0 0.623877 0.548492 0.066287 0.116110
0 0.705273 0.558023 0.162793 0.197561
0 0.857754 0.643806 0.284491 0.327535
