0 0.510358 0.542913 0.019891 0.037442
0 0.517378 0.544993 0.017551 0.033282
0 0.533174 0.552273 0.035102 0.052003
0 0.557746 0.559554 0.018721 0.045763
0 0.457120 0.553313 0.016381 0.049923
0 0.378725 0.550193 0.014041 0.022881
0 0.372290 0.548113 0.010531 0.027042
0 0.363514 0.551233 0.011701 0.037442
0 0.348888 0.553313 0.017551 0.041602
0 0.326723 0.556534 0.027045 0.048044
0 0.214330 0.567874 0.040952 0.062404
0 0.139617 0.599329 0.123201 0.100352
0 0.263473 0.579315 0.115837 0.126888
0 0.416167 0.581395 0.086585 0.122727
0 0.599283 0.558513 0.087755 0.118567
0 0.694574 0.537376 0.102827 0.088772
0 0.957292 0.539792 0.085415 0.131048
