0 0.502133 0.375499 0.013835 0.027456
0 0.523047 0.378645 0.015122 0.039469
0 0.541709 0.383793 0.015766 0.037180
0 0.573899 0.386752 0.023995 0.053926
0 0.620531 0.387155 0.061120 0.077268
0 0.675963 0.407813 0.091351 0.100768
0 0.851568 0.385021 0.291752 0.278598
0 0.459626 0.370033 0.018340 0.035464
0 0.338956 0.382804 0.017193 0.025472
0 0.323195 0.386260 0.011462 0.022925
0 0.301703 0.387534 0.025790 0.035660
0 0.275913 0.378619 0.040118 0.063679
0 0.236512 0.383713 0.038685 0.073868
0 0.188513 0.386371 0.057311 0.090385
0 0.136217 0.395903 0.044416 0.091698
0 0.083204 0.404818 0.053013 0.099340
0 0.029611 0.416887 0.059222 0.132453
0 0.557153 0.383507 0.024132 0.046905
0 0.509855 0.378645 0.013192 0.032604
