0 0.494291 0.458858 0.011959 0.010630
0 0.474560 0.464528 0.017938 0.010630
0 0.459611 0.465591 0.014350 0.008504
0 0.445062 0.469488 0.015546 0.019134
0 0.432505 0.479055 0.021526 0.017008
0 0.419351 0.491811 0.026309 0.025512
0 0.397128 0.501094 0.012957 0.027069
0 0.385866 0.499252 0.016742 0.019134
0 0.372544 0.508791 0.021553 0.024298
0 0.345678 0.512825 0.029643 0.032457
0 0.267874 0.523701 0.040659 0.042520
0 0.234988 0.525827 0.034680 0.051024
0 0.181174 0.543898 0.087298 0.078661
0 0.061587 0.561969 0.104040 0.085039
0 0.004783 0.574725 0.009567 0.076535
0 0.512087 0.472303 0.017938 0.027638
0 0.523611 0.485887 0.024890 0.030509
0 0.530120 0.496213 0.020141 0.035125
0 0.551747 0.493783 0.026976 0.058935
0 0.561621 0.505809 0.023627 0.058570
0 0.567686 0.509636 0.021544 0.061972
0 0.577389 0.516652 0.018742 0.066891
0 0.603479 0.517465 0.056206 0.127559
0 0.679508 0.540304 0.154267 0.191339
0 0.851621 0.655654 0.291791 0.416693
0 0.365824 0.513727 0.014707 0.027048
0 0.551362 0.503115 0.019987 0.051325
