0 0.488494 0.562999 0.029089 0.042188
0 0.465529 0.571845 0.027558 0.070766
0 0.450601 0.573886 0.026792 0.077571
0 0.408882 0.568443 0.085736 0.121119
0 0.389744 0.591578 0.078081 0.145615
0 0.292143 0.609950 0.196733 0.247681
0 0.532127 0.562999 0.007655 0.034022
0 0.540165 0.565449 0.011482 0.042188
0 0.552796 0.573614 0.021434 0.055796
0 0.592984 0.568170 0.078846 0.115675
0 0.606381 0.594027 0.064302 0.123841
0 0.661956 0.620837 0.127073 0.187802
0 0.834054 0.696874 0.306200 0.450454
0 0.918259 0.821395 0.159224 0.348387
0 0.144339 0.653325 0.288678 0.436845
