0 0.685579 0.381684 0.013765 0.018353
0 0.675255 0.382704 0.013765 0.024471
0 0.659769 0.382704 0.026383 0.036707
0 0.637401 0.396979 0.034413 0.048943
0 0.598973 0.407175 0.065384 0.081571
0 0.535883 0.430627 0.104385 0.116239
0 0.380070 0.467334 0.197300 0.238595
0 0.265361 0.573716 0.183535 0.236556
0 0.706800 0.370808 0.017206 0.026511
0 0.720565 0.377946 0.019501 0.032628
0 0.734330 0.382024 0.024089 0.040785
0 0.747522 0.390181 0.034413 0.036707
0 0.765302 0.389162 0.035560 0.050982
0 0.782508 0.410574 0.063090 0.085650
0 0.832406 0.437764 0.075708 0.097885
0 0.913850 0.422810 0.169770 0.203927
0 0.953243 0.482570 0.089184 0.310104
