0 0.914487 0.677240 0.167320 0.334068
0 0.036701 0.470545 0.072934 0.097627
0 0.113477 0.469068 0.078941 0.067119
0 0.181692 0.452288 0.055773 0.067119
0 0.215156 0.453813 0.040328 0.057966
0 0.251623 0.452288 0.034322 0.045763
0 0.285087 0.448474 0.034322 0.032034
0 0.310400 0.447712 0.012871 0.021356
0 0.325416 0.443136 0.017161 0.024407
0 0.342148 0.440085 0.011155 0.018305
0 0.512042 0.421780 0.006006 0.012203
0 0.516332 0.431695 0.009439 0.022881
0 0.527058 0.430932 0.010297 0.024407
0 0.535209 0.439322 0.012871 0.050339
0 0.545506 0.430932 0.014587 0.042712
0 0.559664 0.437034 0.022309 0.057966
0 0.572963 0.449237 0.026600 0.073220
0 0.583260 0.446186 0.019735 0.079322
0 0.627021 0.459915 0.088379 0.137288
0 0.654907 0.463729 0.047193 0.151017
0 0.785331 0.520169 0.272002 0.276102
0 0.368747 0.431695 0.036038 0.041186
0 0.451120 0.424830 0.041186 0.033559
0 0.398350 0.427881 0.023167 0.030508
0 0.481152 0.420254 0.017161 0.021356
0 0.496597 0.418729 0.010297 0.012203
