0 0.520202 0.426260 0.014350 0.029764
0 0.539934 0.429449 0.027505 0.040394
0 0.558470 0.435827 0.023917 0.036142
0 0.577604 0.439016 0.023917 0.046772
0 0.600923 0.444331 0.027505 0.057402
0 0.626634 0.448583 0.045443 0.078661
0 0.643974 0.465591 0.049031 0.074409
0 0.681046 0.466654 0.068164 0.093543
0 0.728881 0.491102 0.080123 0.108425
0 0.830529 0.512362 0.155463 0.167953
0 0.926199 0.540000 0.145896 0.235984
0 0.481336 0.476221 0.095669 0.159449
0 0.431708 0.422008 0.037072 0.055276
0 0.393440 0.434764 0.034680 0.059528
0 0.373110 0.433701 0.015546 0.040394
0 0.358162 0.430512 0.023917 0.038268
0 0.337832 0.436890 0.028701 0.046772
0 0.301956 0.454961 0.074144 0.082913
0 0.251132 0.444331 0.037072 0.057402
0 0.205091 0.449646 0.059793 0.080787
0 0.148885 0.459213 0.078927 0.082913
0 0.066453 0.472713 0.118226 0.115441
