0 0.514017 0.387594 0.010920 0.012611
0 0.475163 0.384052 0.010071 0.026857
0 0.443439 0.383157 0.009064 0.017905
0 0.460056 0.387633 0.028200 0.044761
0 0.424807 0.380471 0.024171 0.051923
0 0.393586 0.380471 0.020143 0.034019
0 0.376968 0.383157 0.021150 0.042971
0 0.360854 0.386737 0.027192 0.035809
0 0.340712 0.389423 0.025178 0.044761
0 0.312009 0.389423 0.044314 0.062666
0 0.262156 0.392109 0.071506 0.075199
0 0.533060 0.390024 0.013066 0.019311
0 0.555040 0.390596 0.019516 0.029202
0 0.573358 0.393899 0.019135 0.039390
0 0.588631 0.397057 0.032903 0.042028
0 0.618733 0.403470 0.042415 0.054950
0 0.633006 0.421182 0.039732 0.058147
0 0.683639 0.441346 0.076542 0.087732
0 0.808019 0.470889 0.139991 0.171883
0 0.909739 0.506698 0.178262 0.282891
0 0.595973 0.404278 0.016552 0.036783
