0 0.132891 0.367500 0.263672 0.367500
0 0.504140 0.379687 0.063281 0.084375
0 0.539858 0.387358 0.015883 0.051706
0 0.557200 0.375041 0.033416 0.050066
0 0.578155 0.375035 0.011211 0.043072
0 0.587966 0.374350 0.012279 0.046193
0 0.599117 0.370533 0.011654 0.038064
0 0.615894 0.370218 0.009627 0.028183
0 0.637066 0.369375 0.015820 0.022500
0 0.678691 0.370312 0.041133 0.024375
0 0.712969 0.372187 0.027422 0.039375
0 0.735644 0.375000 0.026367 0.045000
0 0.764121 0.388125 0.036914 0.052500
0 0.809472 0.405000 0.068555 0.082500
0 0.952382 0.542812 0.092812 0.324375
0 0.665508 0.341250 0.008437 0.018750
0 0.651269 0.343125 0.005273 0.026250
0 0.607161 0.367232 0.010345 0.028901
0 0.623171 0.367670 0.008867 0.024522
