0 0.371558 0.352802 0.010520 0.020403
0 0.349083 0.367255 0.011477 0.028904
0 0.343823 0.373205 0.012433 0.027204
0 0.333781 0.381707 0.015302 0.027204
0 0.323261 0.391908 0.015302 0.023804
0 0.319435 0.404660 0.015302 0.028904
0 0.264442 0.422513 0.052602 0.068010
0 0.239098 0.436965 0.051645 0.066310
0 0.219492 0.450567 0.025823 0.056108
0 0.197973 0.451417 0.030605 0.064610
0 0.170716 0.454818 0.062165 0.078212
0 0.109985 0.475221 0.080337 0.088413
0 0.419856 0.354503 0.009564 0.020403
0 0.430376 0.366404 0.011477 0.027204
0 0.437071 0.381707 0.017215 0.034005
0 0.438506 0.389358 0.016259 0.022103
0 0.447113 0.398709 0.021997 0.034005
0 0.459068 0.416562 0.026779 0.059509
0 0.482978 0.422513 0.040168 0.064610
0 0.508322 0.437815 0.035387 0.085013
0 0.554229 0.436965 0.081293 0.127519
0 0.595832 0.465869 0.086075 0.147922
0 0.767792 0.496474 0.313697 0.265239
0 0.035387 0.494774 0.070773 0.115617
0 0.903599 0.579786 0.191278 0.421663
0 0.307958 0.414012 0.019128 0.025504
0 0.399772 0.346852 0.015302 0.013602
