0 0.392013 0.533049 0.019950 0.027987
0 0.415260 0.537363 0.012927 0.020870
0 0.431308 0.533126 0.017788 0.021781
0 0.296001 0.531382 0.021330 0.046451
0 0.274834 0.537045 0.036957 0.045365
0 0.244859 0.535532 0.033437 0.061008
0 0.226381 0.541789 0.033437 0.070394
0 0.185904 0.541007 0.063355 0.100116
0 0.111111 0.549611 0.105591 0.132966
0 0.039277 0.571511 0.078553 0.151738
0 0.469680 0.555086 0.020238 0.056315
0 0.485164 0.559340 0.026227 0.077338
0 0.523475 0.559986 0.072794 0.122431
0 0.606508 0.603580 0.117910 0.165817
0 0.804491 0.653637 0.388927 0.300348
0 0.310708 0.532290 0.011490 0.029505
