0 0.054497 0.513804 0.105252 0.239784
0 0.991709 0.438958 0.015593 0.048511
0 0.495075 0.384625 0.010915 0.015246
0 0.485719 0.388783 0.015593 0.026335
0 0.475194 0.392248 0.011695 0.030493
0 0.463109 0.393634 0.015593 0.030493
0 0.448296 0.397792 0.021830 0.038809
0 0.425686 0.402644 0.028067 0.048511
0 0.399178 0.413039 0.040542 0.060986
0 0.540684 0.377695 0.013254 0.012474
0 0.548091 0.378388 0.009356 0.016632
0 0.556667 0.385318 0.012474 0.024949
0 0.566802 0.390169 0.012474 0.029107
0 0.581616 0.393634 0.024949 0.036037
0 0.602666 0.400565 0.021830 0.049897
0 0.617869 0.408881 0.021050 0.063758
0 0.644767 0.413039 0.035864 0.077618
0 0.127578 0.476566 0.070735 0.084548
0 0.361236 0.439143 0.065490 0.067916
0 0.675303 0.420431 0.072507 0.091478
0 0.523142 0.380236 0.017152 0.013860
