0 0.552307 0.309098 0.021718 0.043935
0 0.583011 0.305769 0.014229 0.018639
0 0.593995 0.310429 0.015727 0.043935
0 0.599237 0.315754 0.017224 0.046598
0 0.697737 0.364872 0.106553 0.142329
0 0.812798 0.412613 0.231161 0.201802
0 0.566091 0.352871 0.063764 0.090654
0 0.517259 0.313136 0.011233 0.016509
0 0.528492 0.318195 0.014229 0.018639
0 0.539725 0.314201 0.006740 0.018639
0 0.508646 0.312870 0.008987 0.013314
0 0.498911 0.327515 0.017973 0.037278
0 0.500409 0.315533 0.010484 0.010651
0 0.465719 0.354948 0.069914 0.108121
0 0.018750 0.318018 0.037500 0.124324
0 0.067905 0.328829 0.068919 0.084685
0 0.132264 0.322523 0.067905 0.075676
0 0.179392 0.328829 0.054730 0.063063
0 0.244764 0.330631 0.059797 0.048649
0 0.292399 0.324324 0.049662 0.046847
0 0.613176 0.340541 0.038514 0.075676
0 0.623818 0.352252 0.031419 0.081081
0 0.640541 0.358559 0.048649 0.097297
