0 0.477781 0.537050 0.020497 0.029499
0 0.505599 0.540520 0.023425 0.032969
0 0.521216 0.541388 0.031234 0.041645
0 0.548546 0.537050 0.046851 0.036440
0 0.565139 0.548329 0.044899 0.034704
0 0.594420 0.537050 0.033186 0.050321
1 0.650544 0.545726 0.125912 0.102378
0 0.691050 0.562210 0.136648 0.117995
0 0.757422 0.563946 0.214733 0.142288
0 0.768348 0.589251 0.170062 0.126249
0 0.871195 0.576960 0.256580 0.209961
0 0.919936 0.602703 0.157146 0.192793
0 0.419218 0.562210 0.059540 0.076350
0 0.367975 0.538785 0.050755 0.053792
0 0.345037 0.554402 0.055635 0.071144
0 0.259632 0.536182 0.193260 0.124936
0 0.285986 0.570019 0.091750 0.091967
0 0.231326 0.574357 0.113223 0.114524
0 0.133720 0.602988 0.220590 0.161375
0 0.076621 0.606325 0.153241 0.133612
0 0.067348 0.681940 0.134696 0.176992
