0 0.448289 0.615121 0.012248 0.019597
0 0.425018 0.624919 0.009798 0.026129
0 0.436041 0.630363 0.012248 0.015242
0 0.413995 0.626008 0.012248 0.028306
0 0.389499 0.631452 0.039194 0.052258
0 0.333158 0.644516 0.075938 0.087097
0 0.477684 0.612944 0.014698 0.028306
0 0.493607 0.616325 0.017147 0.039423
0 0.526520 0.626126 0.019257 0.059459
0 0.534389 0.633066 0.023790 0.074409
0 0.570476 0.626683 0.073238 0.116003
0 0.989588 0.660847 0.019473 0.067500
0 0.519426 0.618919 0.023311 0.059459
0 0.507770 0.618919 0.020270 0.055856
