0 0.922772 0.623565 0.152946 0.152266
0 0.760140 0.600680 0.096866 0.099245
0 0.659068 0.590483 0.066531 0.070695
0 0.553791 0.583006 0.035942 0.047583
0 0.687236 0.588217 0.042825 0.076133
0 0.511985 0.581420 0.029824 0.035347
0 0.446984 0.578701 0.014530 0.024471
0 0.416394 0.580060 0.020648 0.032628
0 0.382746 0.578701 0.023707 0.040785
0 0.219732 0.590937 0.055060 0.054381
0 0.133700 0.597054 0.026765 0.047583
0 0.099287 0.605211 0.049707 0.053021
0 0.036962 0.620166 0.071884 0.072054
0 0.392560 0.587538 0.038746 0.058459
0 0.338392 0.580060 0.023707 0.032628
