0 0.456393 0.417179 0.010245 0.012521
0 0.447429 0.414903 0.007683 0.014798
0 0.442307 0.415472 0.007683 0.015936
0 0.467598 0.421733 0.013446 0.019351
0 0.483925 0.421163 0.008964 0.013659
0 0.492569 0.426286 0.013446 0.019351
0 0.504735 0.429701 0.010885 0.019351
0 0.518180 0.433115 0.021129 0.030734
0 0.414135 0.428562 0.015367 0.021627
0 0.403250 0.423440 0.007683 0.015936
0 0.398448 0.424009 0.009604 0.014798
0 0.387563 0.425717 0.016007 0.018212
0 0.367394 0.431977 0.015367 0.021627
0 0.356829 0.434823 0.013446 0.022766
0 0.347545 0.437668 0.012806 0.023904
0 0.332819 0.437668 0.023050 0.037563
0 0.321614 0.441652 0.012165 0.027319
0 0.313610 0.442222 0.014086 0.026180
0 0.296002 0.443929 0.028813 0.040978
0 0.681452 0.490029 0.067230 0.094477
0 0.761808 0.499136 0.131898 0.137732
0 0.883916 0.521332 0.229861 0.204890
0 0.104800 0.459865 0.042259 0.054637
0 0.165626 0.470109 0.070431 0.072850
0 0.027005 0.488891 0.053143 0.067158
