0 0.513286 0.514678 0.008581 0.027458
0 0.519292 0.519254 0.010297 0.030508
0 0.521866 0.526119 0.008581 0.022881
0 0.533450 0.533746 0.016303 0.025932
0 0.554987 0.548695 0.026771 0.037525
0 0.409033 0.515441 0.012871 0.025932
0 0.393159 0.517729 0.018877 0.030508
0 0.381575 0.526881 0.016303 0.039661
0 0.369991 0.531458 0.020593 0.045763
0 0.349827 0.539847 0.031748 0.047288
0 0.336527 0.550525 0.029174 0.050339
0 0.301706 0.560716 0.041904 0.073771
0 0.269918 0.584899 0.053836 0.082476
0 0.208235 0.608350 0.092183 0.100090
0 0.585105 0.572797 0.048909 0.080847
0 0.500587 0.650593 0.135572 0.224237
0 0.481939 0.532007 0.031031 0.025139
1 0.827994 0.589119 0.177138 0.124474
0 0.505506 0.510132 0.011166 0.023573
