0 0.338287 0.394460 0.060864 0.135812
0 0.263476 0.414968 0.126740 0.184125
0 0.124681 0.453966 0.249362 0.307122
0 0.883885 0.533706 0.230549 0.336228
0 0.374302 0.386683 0.041873 0.084367
0 0.392098 0.380480 0.027218 0.079404
0 0.428389 0.374897 0.023030 0.040943
0 0.759538 0.451199 0.122829 0.151365
0 0.660437 0.421423 0.089330 0.101737
0 0.612283 0.411497 0.026520 0.062035
0 0.590997 0.403433 0.031405 0.050868
0 0.569712 0.400331 0.027916 0.044665
0 0.552962 0.396609 0.022333 0.037221
0 0.532374 0.382341 0.024426 0.033499
