0 0.377776 0.359190 0.015445 0.045763
0 0.357612 0.362240 0.024883 0.051864
0 0.339164 0.359190 0.022309 0.064068
0 0.310419 0.361478 0.043761 0.077797
0 0.277813 0.371393 0.047193 0.079322
0 0.230621 0.380545 0.062638 0.091525
0 0.148642 0.391026 0.116764 0.132754
0 0.412673 0.346981 0.047483 0.062035
0 0.505034 0.334638 0.017693 0.027168
0 0.551103 0.337834 0.017161 0.036610
0 0.577702 0.345461 0.039470 0.054915
0 0.670429 0.362615 0.066928 0.064068
0 0.722770 0.367954 0.034322 0.074746
0 0.774253 0.371767 0.063496 0.088475
0 0.848474 0.385496 0.134714 0.143390
0 0.894929 0.352564 0.092122 0.105459
0 0.031638 0.436311 0.062810 0.213400
