0 0.567583 0.464556 0.023658 0.029194
0 0.597703 0.479152 0.031535 0.040365
0 0.638068 0.473546 0.056764 0.091943
0 0.675911 0.475789 0.064332 0.105399
0 0.423344 0.461504 0.010787 0.036463
0 0.411012 0.463455 0.018921 0.035880
0 0.387676 0.464576 0.030274 0.051578
0 0.380738 0.471304 0.018921 0.033638
0 0.361186 0.471304 0.027751 0.051578
0 0.342265 0.476910 0.030274 0.053821
0 0.317037 0.491486 0.030274 0.051578
0 0.269967 0.508892 0.085841 0.107940
0 0.712492 0.501578 0.102175 0.121096
0 0.473500 0.487571 0.075178 0.093510
0 0.555056 0.453681 0.020937 0.037221
