0 0.489167 0.470430 0.039656 0.055831
0 0.134809 0.625456 0.269618 0.323943
0 0.265082 0.521919 0.182150 0.228288
0 0.361740 0.503309 0.066998 0.146402
0 0.396286 0.494624 0.046759 0.094293
0 0.421061 0.483457 0.032103 0.069479
0 0.424201 0.469189 0.042571 0.080645
0 0.448279 0.463606 0.022333 0.049628
0 0.864803 0.634202 0.269153 0.423077
0 0.714175 0.534326 0.157723 0.193548
0 0.631824 0.503309 0.079560 0.126551
0 0.588555 0.488420 0.054435 0.101737
0 0.561337 0.476013 0.030707 0.071960
0 0.549473 0.475393 0.025124 0.055831
