0 0.555640 0.314827 0.009748 0.017330
0 0.582935 0.317426 0.017547 0.015597
0 0.569775 0.324358 0.034118 0.019063
0 0.529321 0.333023 0.015597 0.032927
1 0.508362 0.316560 0.039967 0.090116
0 0.483992 0.321759 0.010723 0.017330
0 0.494228 0.349487 0.027295 0.045058
0 0.467908 0.352953 0.046791 0.079718
0 0.416243 0.369416 0.091632 0.119576
0 0.307227 0.407542 0.180339 0.227022
0 0.171241 0.398010 0.122826 0.183697
0 0.055564 0.625899 0.111128 0.389923
0 0.579361 0.401476 0.109178 0.153659
1 0.644186 0.311072 0.061413 0.143838
0 0.650034 0.357574 0.020471 0.077407
0 0.666119 0.365950 0.042892 0.088383
0 0.734355 0.369416 0.126725 0.171566
0 0.884161 0.440180 0.230055 0.311939
