0 0.305854 0.405420 0.099507 0.095837
0 0.425780 0.393405 0.048298 0.046757
0 0.697608 0.388304 0.045429 0.060359
0 0.672975 0.382583 0.017839 0.029826
0 0.655013 0.371798 0.009538 0.018458
0 0.353998 0.384903 0.032039 0.034855
0 0.122923 0.427835 0.167847 0.107116
0 0.508429 0.378091 0.033581 0.039933
0 0.536066 0.374629 0.018451 0.020781
0 0.606068 0.372422 0.018171 0.014452
0 0.593180 0.372117 0.008194 0.014826
0 0.629032 0.369237 0.012737 0.017841
0 0.647349 0.372107 0.008106 0.016469
0 0.664718 0.378283 0.012737 0.024703
