0 0.845158 0.802375 0.306090 0.391656
0 0.075548 0.614346 0.151095 0.240886
0 0.172541 0.599615 0.093582 0.173299
0 0.238341 0.596149 0.049715 0.100514
0 0.275871 0.593550 0.031194 0.071053
0 0.308527 0.586618 0.032169 0.064121
0 0.337284 0.584885 0.023395 0.039859
0 0.350443 0.585751 0.026320 0.024262
0 0.674567 0.705328 0.167667 0.235687
0 0.579036 0.659403 0.109178 0.171566
0 0.529321 0.633408 0.064337 0.136906
0 0.489354 0.623011 0.031194 0.109178
0 0.469857 0.615212 0.011698 0.062388
0 0.456210 0.604814 0.017547 0.051990
0 0.441588 0.593550 0.017547 0.039859
1 0.413806 0.571887 0.020471 0.031194
