0 0.006824 0.603081 0.013647 0.086650
0 0.148658 0.617812 0.227130 0.126508
0 0.335334 0.612613 0.136473 0.109178
0 0.462059 0.610880 0.109178 0.102247
0 0.561977 0.603081 0.088708 0.103980
0 0.670668 0.603948 0.074085 0.084917
0 0.715509 0.630809 0.099430 0.103980
0 0.627289 0.609147 0.026320 0.060655
0 0.821276 0.630809 0.039967 0.041592
0 0.778384 0.636874 0.024370 0.036393
0 0.852957 0.637741 0.023395 0.020796
0 0.875377 0.636874 0.015597 0.019063
0 0.891462 0.639474 0.012673 0.013864
0 0.922656 0.634275 0.024370 0.027728
0 0.948488 0.641207 0.031194 0.027728
