0 0.387486 0.648139 0.123801 0.166367
0 0.054589 0.597016 0.107229 0.116110
0 0.126725 0.602215 0.035093 0.077985
0 0.165230 0.603948 0.038018 0.071053
0 0.211046 0.584018 0.059463 0.034660
0 0.900235 0.778980 0.197886 0.358729
0 0.759863 0.717459 0.207634 0.235687
0 0.631675 0.667202 0.113078 0.142105
0 0.551254 0.635141 0.098456 0.112644
0 0.501051 0.624744 0.025345 0.053723
0 0.486429 0.610880 0.033143 0.057189
0 0.467420 0.607414 0.018521 0.057189
0 0.453773 0.606547 0.018521 0.041592
0 0.441588 0.599615 0.013647 0.027728
0 0.309989 0.597016 0.025345 0.025995
0 0.329485 0.596149 0.007798 0.020796
