0 0.694445 0.550781 0.122607 0.142969
0 0.568872 0.509179 0.056689 0.060937
0 0.536896 0.502359 0.020402 0.051978
0 0.527984 0.499252 0.014587 0.048804
0 0.497021 0.488906 0.013184 0.042187
0 0.481860 0.484218 0.014502 0.032812
0 0.064600 0.624609 0.129199 0.342187
0 0.208960 0.554296 0.156885 0.239062
0 0.341455 0.514453 0.065918 0.117187
0 0.295971 0.520312 0.104150 0.147656
0 0.372436 0.499218 0.043506 0.105469
0 0.391333 0.491406 0.032959 0.084375
0 0.411108 0.490234 0.019775 0.063281
0 0.426928 0.487890 0.017139 0.049219
0 0.467798 0.471484 0.014502 0.044531
0 0.443188 0.473828 0.017139 0.053906
0 0.519370 0.497247 0.013203 0.048119
0 0.511448 0.494900 0.015844 0.043424
