0 0.547843 0.402252 0.010476 0.017436
0 0.539030 0.404551 0.009466 0.017353
0 0.529307 0.403676 0.008950 0.026582
0 0.523030 0.403968 0.015328 0.026356
0 0.595193 0.404843 0.010115 0.025979
0 0.602521 0.405138 0.010877 0.029506
0 0.612147 0.404919 0.014687 0.042793
0 0.633163 0.410423 0.046278 0.080402
0 0.647362 0.416032 0.045226 0.076662
0 0.664716 0.422576 0.056795 0.100970
0 0.422810 0.425381 0.050485 0.104709
0 0.357601 0.433795 0.103073 0.147715
0 0.287658 0.468387 0.110435 0.160803
0 0.506426 0.412292 0.023139 0.029917
0 0.730452 0.451558 0.147247 0.160803
0 0.121479 0.488955 0.242958 0.306648
0 0.570582 0.408226 0.009527 0.013724
0 0.588592 0.404795 0.010036 0.024703
0 0.517184 0.406167 0.011580 0.027448
