0 0.491711 0.473398 0.007346 0.011427
0 0.496762 0.474214 0.008264 0.013059
0 0.503189 0.478295 0.011937 0.017956
0 0.511912 0.482376 0.016528 0.026119
0 0.520636 0.485641 0.017446 0.022854
0 0.530736 0.491354 0.015610 0.031016
0 0.537164 0.496252 0.017446 0.034281
0 0.427435 0.479111 0.011019 0.026119
0 0.436618 0.480744 0.016528 0.022854
0 0.420090 0.479927 0.011019 0.031016
0 0.410907 0.479927 0.011019 0.031016
0 0.398052 0.482376 0.020201 0.035913
0 0.382442 0.488090 0.033056 0.037545
0 0.558283 0.502781 0.037647 0.047340
0 0.093914 0.573691 0.187829 0.176738
