0 0.511655 0.638926 0.018526 0.023165
0 0.475828 0.641561 0.012431 0.033780
0 0.458687 0.644702 0.012754 0.032264
0 0.449914 0.644883 0.013321 0.033492
0 0.427777 0.638132 0.040615 0.059704
0 0.357267 0.658537 0.053614 0.076252
0 0.564901 0.641207 0.018521 0.017330
0 0.577314 0.645966 0.007343 0.023382
0 0.585372 0.647272 0.014622 0.025995
0 0.595120 0.653338 0.012673 0.031194
0 0.604868 0.661136 0.012673 0.025995
0 0.623390 0.657670 0.034118 0.053723
0 0.626314 0.674134 0.016572 0.045058
0 0.649709 0.673267 0.038018 0.060655
0 0.699425 0.676733 0.094556 0.123042
0 0.391873 0.660270 0.093582 0.090116
0 0.468415 0.644550 0.012064 0.029391
0 0.485618 0.641770 0.013405 0.027008
0 0.493438 0.638196 0.007596 0.029391
0 0.571409 0.644550 0.006256 0.019859
