0 0.502909 0.519817 0.011417 0.027035
0 0.514624 0.520154 0.019121 0.026362
0 0.533915 0.519671 0.017816 0.027327
0 0.382283 0.512078 0.023218 0.026709
0 0.361796 0.515720 0.045071 0.029137
0 0.320140 0.513292 0.043705 0.043705
0 0.296238 0.509650 0.028681 0.041277
0 0.275069 0.513292 0.030047 0.063130
0 0.249802 0.509650 0.036876 0.065558
0 0.217023 0.514506 0.045071 0.070414
0 0.615575 0.536722 0.013617 0.034121
0 0.638986 0.539290 0.017884 0.047141
0 0.658433 0.541938 0.036353 0.052436
0 0.699145 0.558211 0.050534 0.065558
0 0.732606 0.559425 0.087410 0.097122
0 0.813187 0.563067 0.133847 0.128687
0 0.156246 0.516934 0.087410 0.089838
0 0.559753 0.531272 0.032400 0.040817
0 0.910841 0.599488 0.173455 0.157824
0 0.017619 0.535144 0.034145 0.126259
0 0.545267 0.526576 0.016837 0.028966
0 0.628767 0.536760 0.014469 0.040096
0 0.609617 0.539030 0.012766 0.032531
0 0.599617 0.534869 0.015745 0.030261
