0 0.648070 0.356621 0.022011 0.021344
0 0.672582 0.372629 0.023011 0.028459
0 0.638065 0.372629 0.014007 0.021344
0 0.617055 0.372629 0.016008 0.024901
0 0.605049 0.377965 0.016008 0.021344
0 0.591542 0.418874 0.029014 0.067589
0 0.680586 0.412648 0.025012 0.062253
0 0.632062 0.450000 0.092045 0.136957
0 0.511503 0.389526 0.057028 0.183202
0 0.431463 0.390415 0.127063 0.320158
0 0.201349 0.388636 0.402199 0.775494
0 0.706099 0.385079 0.036018 0.152964
0 0.750121 0.371739 0.060030 0.222332
0 0.834162 0.350395 0.126062 0.332609
0 0.936213 0.334387 0.126062 0.556720
