0 0.415268 0.441913 0.007798 0.013864
0 0.407957 0.443646 0.008773 0.017330
0 0.400646 0.442779 0.007798 0.019063
0 0.392848 0.445379 0.011698 0.024262
0 0.379200 0.442779 0.017547 0.025995
0 0.363603 0.447112 0.017547 0.027728
0 0.342158 0.450578 0.017547 0.031194
0 0.329972 0.447112 0.012673 0.041592
0 0.317787 0.447978 0.023395 0.036393
0 0.306090 0.456643 0.023395 0.036393
0 0.284156 0.448845 0.032169 0.048524
0 0.245164 0.454044 0.045816 0.058922
0 0.211533 0.467041 0.058488 0.064121
0 0.157919 0.475706 0.070186 0.081451
0 0.075548 0.486104 0.110153 0.123042
0 0.483017 0.440180 0.012673 0.013864
0 0.493253 0.441913 0.009748 0.020796
0 0.502513 0.441913 0.008773 0.020796
0 0.522010 0.441046 0.028269 0.039859
0 0.554666 0.454044 0.044841 0.072786
0 0.612179 0.454044 0.105279 0.093582
0 0.462546 0.440180 0.018521 0.020796
0 0.438664 0.442779 0.023395 0.032927
