0 0.472411 0.368586 0.007993 0.019539
0 0.463419 0.374803 0.013988 0.031974
1 0.438327 0.340911 0.031749 0.021032
0 0.425221 0.395620 0.023523 0.055846
0 0.412934 0.401956 0.032921 0.064965
0 0.396927 0.417153 0.028884 0.078721
0 0.583320 0.384572 0.051957 0.094145
0 0.359005 0.430757 0.088927 0.119013
0 0.621335 0.409441 0.091833 0.108355
0 0.553719 0.387485 0.018094 0.058628
0 0.544672 0.385150 0.014592 0.047732
0 0.535625 0.384372 0.012257 0.042025
0 0.532852 0.372180 0.027725 0.043582
0 0.519428 0.369067 0.017219 0.033205
0 0.509359 0.369326 0.008755 0.025423
0 0.440339 0.379443 0.042317 0.068485
