0 0.416361 0.360709 0.020330 0.021260
0 0.379887 0.347953 0.019134 0.025512
0 0.357165 0.347953 0.026309 0.046772
0 0.340423 0.358583 0.026309 0.059528
0 0.305145 0.367087 0.056206 0.097795
0 0.262692 0.370276 0.057402 0.121181
0 0.169215 0.382465 0.159050 0.191764
0 0.074742 0.431362 0.149483 0.280205
0 0.440677 0.358016 0.025113 0.034016
0 0.454429 0.358016 0.028701 0.042520
0 0.468182 0.364394 0.032288 0.072283
0 0.486120 0.379276 0.039464 0.089291
0 0.502264 0.385654 0.040659 0.102047
0 0.542325 0.402874 0.087298 0.138189
0 0.617665 0.445394 0.155463 0.216850
0 0.813354 0.495992 0.368327 0.631417
