0 0.702884 0.477115 0.022878 0.037543
0 0.700244 0.496669 0.015839 0.026593
0 0.692765 0.499015 0.009679 0.025029
0 0.684405 0.499797 0.017598 0.029722
0 0.679566 0.505272 0.013199 0.021900
0 0.673406 0.506055 0.013199 0.026593
0 0.664607 0.506055 0.018478 0.029722
0 0.647896 0.506961 0.022014 0.050307
0 0.631170 0.511530 0.023758 0.059444
0 0.604603 0.521147 0.030458 0.078679
0 0.588376 0.526625 0.042000 0.083377
0 0.541770 0.532537 0.089927 0.111287
0 0.488622 0.563934 0.092392 0.142352
0 0.403265 0.582622 0.171595 0.183193
0 0.743800 0.499015 0.023758 0.053187
0 0.758759 0.503708 0.014959 0.050058
0 0.768438 0.503708 0.020238 0.068830
0 0.782517 0.502926 0.021998 0.073523
0 0.808915 0.517005 0.036077 0.107937
0 0.866550 0.547509 0.100311 0.184589
0 0.946623 0.614774 0.103831 0.278447
