0 0.269786 0.680156 0.027686 0.037500
0 0.221665 0.694218 0.034277 0.028125
0 0.204527 0.700078 0.026367 0.035156
0 0.166954 0.703593 0.048779 0.046875
0 0.429128 0.681581 0.020133 0.026289
0 0.451239 0.682533 0.023730 0.035156
0 0.465899 0.682015 0.019131 0.038469
0 0.480179 0.690535 0.020964 0.047031
0 0.502391 0.692310 0.038434 0.050580
0 0.532139 0.704765 0.027686 0.053906
0 0.557188 0.712968 0.040869 0.089062
0 0.134168 0.699475 0.044130 0.069576
0 0.035093 0.714262 0.070186 0.075713
0 0.627061 0.710390 0.141064 0.119531
0 0.379869 0.674062 0.015820 0.018750
0 0.093094 0.704461 0.051665 0.067587
