0 0.646914 0.448734 0.032945 0.052711
0 0.672446 0.458251 0.028003 0.060033
0 0.690977 0.460448 0.043652 0.073210
0 0.703334 0.470278 0.038705 0.069445
0 0.734629 0.477286 0.063418 0.092245
0 0.795661 0.495526 0.117609 0.114083
0 0.259324 0.492776 0.160449 0.167150
0 0.363756 0.482350 0.080268 0.101928
0 0.172004 0.512362 0.047142 0.080410
0 0.402899 0.462460 0.044028 0.091877
0 0.461856 0.443001 0.024196 0.026603
0 0.498811 0.445543 0.025482 0.035109
0 0.540402 0.442353 0.025825 0.033260
0 0.602368 0.452904 0.029304 0.036241
0 0.586441 0.440446 0.024208 0.029446
0 0.617032 0.445917 0.012716 0.029061
