0 0.224693 0.554557 0.032169 0.062388
0 0.192037 0.558023 0.052640 0.069320
0 0.149338 0.565651 0.044841 0.072786
0 0.108204 0.572754 0.066287 0.084917
0 0.374326 0.554557 0.035093 0.090116
0 0.461084 0.521631 0.007798 0.017330
0 0.468697 0.523625 0.010119 0.021319
0 0.476778 0.527086 0.007604 0.024774
0 0.483158 0.531325 0.010441 0.029786
0 0.493338 0.532787 0.017376 0.046576
0 0.513012 0.537887 0.022870 0.060242
0 0.539370 0.541808 0.044652 0.071079
0 0.555034 0.553367 0.067023 0.078633
0 0.295854 0.596149 0.164743 0.214891
0 0.046931 0.585041 0.093863 0.112958
