0 0.206412 0.472630 0.109440 0.111548
0 0.476960 0.436526 0.034817 0.049601
0 0.505176 0.425677 0.025098 0.050845
0 0.526655 0.416174 0.011193 0.013776
0 0.596749 0.426022 0.032686 0.047732
0 0.528377 0.403163 0.009471 0.012245
0 0.550332 0.416174 0.015497 0.026020
0 0.565960 0.430184 0.032978 0.060163
0 0.653571 0.441893 0.035626 0.051112
0 0.672250 0.442878 0.032708 0.061062
0 0.614672 0.421636 0.027775 0.046129
0 0.564107 0.387245 0.010332 0.012245
0 0.500203 0.399418 0.009946 0.015162
0 0.709525 0.452029 0.071460 0.075534
0 0.527861 0.474490 0.073182 0.104082
0 0.314168 0.514592 0.183387 0.180612
0 0.742156 0.414184 0.020663 0.018367
