0 0.409407 0.323711 0.016237 0.030928
0 0.395490 0.326228 0.018557 0.035961
0 0.380992 0.327835 0.017397 0.030928
0 0.367655 0.332990 0.018557 0.037113
0 0.477835 0.314433 0.009278 0.020619
0 0.487113 0.316495 0.013918 0.020619
0 0.494072 0.319588 0.013918 0.022680
0 0.559021 0.326804 0.048711 0.070103
0 0.601933 0.338144 0.081186 0.092784
0 0.243513 0.349862 0.075086 0.101646
0 0.346938 0.333402 0.032474 0.043299
0 0.506708 0.324058 0.022669 0.034256
0 0.461653 0.317005 0.018702 0.028211
0 0.723871 0.371546 0.199485 0.206186
0 0.161977 0.376468 0.137962 0.130363
0 0.048645 0.405461 0.096970 0.166798
