0 0.548771 0.217293 0.011005 0.016008
0 0.558276 0.216403 0.010005 0.014229
0 0.566280 0.215514 0.014007 0.019565
0 0.579786 0.215514 0.019009 0.023123
0 0.597795 0.217293 0.023011 0.023123
0 0.626810 0.218182 0.027013 0.039130
0 0.640316 0.215514 0.040020 0.033794
0 0.672332 0.219071 0.024012 0.030237
0 0.532763 0.214625 0.015007 0.017787
0 0.497746 0.227075 0.055027 0.046245
0 0.453724 0.220850 0.027013 0.030237
0 0.398697 0.223933 0.039019 0.040909
0 0.369683 0.223933 0.037018 0.037352
0 0.296647 0.238712 0.047023 0.045566
0 0.210712 0.256045 0.060814 0.055332
0 0.153229 0.257264 0.066052 0.069821
0 0.120059 0.255949 0.046023 0.055138
0 0.070035 0.266839 0.062031 0.059133
0 0.031516 0.266621 0.063031 0.072925
0 0.733262 0.221265 0.031015 0.039130
0 0.780994 0.213846 0.075621 0.082427
0 0.830310 0.226601 0.057028 0.064032
0 0.885385 0.231853 0.074941 0.057084
0 0.340080 0.226056 0.042250 0.062416
0 0.254688 0.253032 0.038084 0.044432
