0 0.283549 0.269228 0.029754 0.054348
0 0.245186 0.264022 0.056042 0.069742
0 0.194173 0.275455 0.057192 0.066802
0 0.135516 0.283484 0.084837 0.083758
0 0.590547 0.241605 0.015412 0.024908
0 0.603157 0.241605 0.015412 0.029889
0 0.613665 0.241605 0.019615 0.029889
0 0.630801 0.241460 0.024573 0.039562
0 0.650793 0.249078 0.023818 0.029889
0 0.415271 0.248966 0.048749 0.064537
0 0.571633 0.238531 0.016813 0.018760
0 0.672509 0.254059 0.019615 0.034871
0 0.700531 0.259041 0.019615 0.034871
0 0.682317 0.256550 0.016813 0.034871
0 0.713140 0.259041 0.028021 0.039852
0 0.052190 0.300138 0.100876 0.149447
0 0.759905 0.248983 0.080203 0.089478
0 0.920030 0.285194 0.134502 0.107103
0 0.383443 0.248130 0.029928 0.059545
