0 0.959111 0.556290 0.079734 0.155969
0 0.505116 0.610877 0.123156 0.168096
0 0.313546 0.608293 0.044035 0.059242
0 0.380053 0.593571 0.015841 0.025952
0 0.360189 0.589576 0.016577 0.020078
0 0.064991 0.641662 0.045483 0.052900
0 0.113063 0.635846 0.038084 0.039142
0 0.634600 0.586618 0.064337 0.046791
0 0.575137 0.578819 0.040942 0.041592
0 0.418294 0.584513 0.017344 0.021785
0 0.391492 0.588170 0.014836 0.018702
0 0.181143 0.622045 0.025588 0.035968
0 0.214945 0.614346 0.020471 0.025995
0 0.236391 0.609147 0.024370 0.022529
