0 0.773003 0.434021 0.016237 0.016495
0 0.752706 0.430928 0.012758 0.018557
0 0.753866 0.447423 0.019716 0.026804
0 0.775322 0.461856 0.018557 0.035052
0 0.768943 0.482474 0.017397 0.030928
0 0.755606 0.489691 0.016237 0.045361
0 0.755258 0.505050 0.018173 0.033258
0 0.728351 0.461856 0.015077 0.018557
0 0.689006 0.477868 0.024533 0.038210
0 0.708054 0.484536 0.020876 0.035052
0 0.687685 0.510786 0.019861 0.048532
0 0.730675 0.505645 0.038492 0.053453
0 0.658647 0.519288 0.062077 0.089297
0 0.563375 0.555368 0.124370 0.140839
1 0.495835 0.090400 0.120619 0.094845
