0 0.516812 0.265387 0.016389 0.016996
0 0.503155 0.270243 0.016389 0.012140
0 0.486732 0.274143 0.021787 0.035159
0 0.467010 0.273849 0.021677 0.041447
0 0.447829 0.278125 0.021556 0.050000
0 0.423719 0.280659 0.033430 0.069637
0 0.389931 0.287118 0.055997 0.082554
0 0.553142 0.262837 0.013658 0.024281
0 0.564069 0.264051 0.013658 0.036421
0 0.581276 0.266066 0.021915 0.062715
0 0.598907 0.271733 0.036898 0.098756
0 0.636462 0.275744 0.067620 0.129583
0 0.697712 0.301000 0.115815 0.203799
0 0.173822 0.335417 0.210382 0.190078
0 0.068631 0.393973 0.136578 0.200356
0 0.846444 0.291367 0.304570 0.344784
0 0.335641 0.298651 0.083313 0.099550
