0 0.357072 0.393370 0.017474 0.027688
0 0.329912 0.393708 0.026211 0.036467
0 0.301490 0.398015 0.020268 0.028874
0 0.271793 0.402825 0.051282 0.054700
0 0.170940 0.427545 0.067614 0.046065
0 0.211584 0.415318 0.026590 0.044571
0 0.474504 0.394746 0.015771 0.020685
0 0.492451 0.394256 0.010723 0.015597
0 0.504636 0.395122 0.015597 0.020796
0 0.522670 0.400078 0.018521 0.030707
0 0.544308 0.403094 0.020086 0.036740
0 0.561980 0.404062 0.032805 0.041042
0 0.597934 0.404942 0.046224 0.053145
0 0.631848 0.412452 0.047766 0.065854
0 0.677527 0.428942 0.070298 0.095367
0 0.458626 0.399225 0.014560 0.022070
0 0.442086 0.399659 0.018521 0.018655
0 0.398219 0.395122 0.018521 0.020796
0 0.372647 0.389994 0.016714 0.026337
0 0.490629 0.356203 0.009564 0.015302
