0 0.516108 0.468041 0.109021 0.140206
0 0.427964 0.437113 0.053351 0.074227
0 0.400746 0.422386 0.019716 0.032990
0 0.465666 0.428639 0.031510 0.050345
0 0.562297 0.423469 0.018962 0.035156
0 0.579897 0.430633 0.016237 0.045361
1 0.604253 0.435788 0.044072 0.059794
0 0.634765 0.438894 0.015522 0.069541
0 0.658713 0.444593 0.045869 0.083671
0 0.666092 0.454165 0.047065 0.078708
0 0.714154 0.460902 0.084159 0.104944
0 0.759254 0.484620 0.087048 0.107693
0 0.825431 0.502719 0.120646 0.138463
0 0.934549 0.529159 0.130901 0.239342
0 0.018997 0.474934 0.037995 0.118206
0 0.192348 0.420053 0.014248 0.021108
0 0.174538 0.437995 0.026121 0.040106
