0 0.393698 0.486509 0.016690 0.021193
0 0.379176 0.485927 0.010729 0.025432
0 0.367204 0.485681 0.017984 0.025923
0 0.357077 0.490279 0.018983 0.025659
0 0.339788 0.491629 0.018613 0.031064
0 0.496102 0.498719 0.025071 0.029038
0 0.513885 0.498643 0.017882 0.025432
0 0.534659 0.501421 0.023172 0.039844
0 0.554791 0.503109 0.027730 0.048623
0 0.569036 0.508174 0.028110 0.049298
0 0.595545 0.508180 0.045300 0.065699
0 0.639691 0.522693 0.072934 0.074285
0 0.679760 0.535467 0.053005 0.072584
0 0.749327 0.545676 0.128748 0.118470
0 0.317946 0.496693 0.031149 0.037142
0 0.259965 0.503184 0.048877 0.046625
0 0.288116 0.486124 0.014033 0.021405
0 0.441166 0.500005 0.056029 0.082653
0 0.906515 0.594617 0.185969 0.211931
0 0.476930 0.489409 0.010729 0.014835
