0 0.528284 0.433409 0.024566 0.035956
0 0.551702 0.491180 0.033905 0.061862
0 0.573919 0.484669 0.010531 0.029122
0 0.582110 0.480509 0.015211 0.041602
0 0.593226 0.491949 0.028082 0.056163
0 0.582578 0.454629 0.002574 0.005997
0 0.815149 0.544993 0.149769 0.212173
0 0.457692 0.481202 0.022231 0.033282
0 0.434291 0.494376 0.038612 0.049923
0 0.371005 0.507308 0.061810 0.086880
0 0.503325 0.500963 0.078395 0.114407
0 0.672010 0.561287 0.175511 0.235054
0 0.921329 0.564747 0.154945 0.316859
0 0.300513 0.528352 0.104136 0.112327
