0 0.061982 0.483158 0.123964 0.134196
0 0.157145 0.465449 0.094287 0.098777
0 0.234595 0.439507 0.079695 0.092790
0 0.292402 0.442999 0.035919 0.057869
0 0.328178 0.439660 0.012634 0.036610
0 0.532498 0.478876 0.043660 0.115041
0 0.498859 0.464889 0.037195 0.073712
0 0.486499 0.458778 0.028067 0.055441
0 0.473245 0.450462 0.020271 0.047125
0 0.461940 0.444225 0.014813 0.031879
0 0.370721 0.429671 0.022610 0.038809
0 0.412432 0.476797 0.096676 0.138604
0 0.591560 0.492529 0.129040 0.170897
0 0.313951 0.442265 0.023730 0.044531
