0 0.198927 0.389934 0.031787 0.034159
0 0.162027 0.385684 0.042464 0.049189
0 0.120135 0.385721 0.048666 0.052095
0 0.071873 0.388072 0.056821 0.060062
0 0.024180 0.381170 0.048360 0.091966
0 0.662720 0.450218 0.042239 0.068561
0 0.422232 0.392050 0.008264 0.014692
0 0.472653 0.400685 0.015773 0.022167
0 0.548479 0.426769 0.014710 0.035158
0 0.280712 0.397694 0.055550 0.055298
0 0.432723 0.395204 0.013431 0.020204
0 0.458137 0.398009 0.012194 0.018468
0 0.399145 0.391531 0.010332 0.016531
0 0.410510 0.391531 0.012398 0.020204
0 0.494879 0.428963 0.059912 0.086879
0 0.576504 0.420366 0.049378 0.067874
0 0.878016 0.490714 0.131212 0.174490
0 0.759719 0.488877 0.202500 0.207551
0 0.945442 0.530271 0.106298 0.150967
