0 0.026320 0.658537 0.052640 0.142105
0 0.076626 0.665704 0.061620 0.114848
0 0.125351 0.674682 0.047589 0.085553
0 0.161747 0.671049 0.039135 0.085888
0 0.187418 0.671966 0.023906 0.071917
0 0.210328 0.674666 0.021915 0.049412
0 0.830383 0.864763 0.339233 0.266881
0 0.636550 0.791977 0.226155 0.218357
0 0.426478 0.759917 0.160843 0.247818
0 0.525421 0.771181 0.044841 0.110911
0 0.242727 0.669314 0.023395 0.023503
0 0.258811 0.668935 0.012673 0.013864
0 0.269235 0.664869 0.012073 0.019596
0 0.323290 0.667202 0.017547 0.024262
0 0.359217 0.682799 0.018521 0.038126
0 0.347032 0.674134 0.011698 0.024262
