0 0.469054 0.394342 0.015987 0.032684
0 0.445074 0.403579 0.038368 0.056842
0 0.409103 0.405711 0.047961 0.078158
0 0.399911 0.417079 0.050359 0.081000
0 0.310385 0.403579 0.154273 0.198947
0 0.192881 0.457579 0.218220 0.250105
0 0.058461 0.548482 0.116922 0.291316
0 0.515318 0.392447 0.014388 0.029842
0 0.522112 0.400974 0.016786 0.032684
0 0.534502 0.408079 0.020783 0.038368
0 0.549689 0.410211 0.027178 0.045474
0 0.598050 0.431526 0.082332 0.099474
0 0.710856 0.415860 0.081579 0.062033
0 0.846504 0.518684 0.305349 0.417790
0 0.686387 0.394218 0.054053 0.046875
