0 0.125405 0.641718 0.244545 0.230894
0 0.507433 0.598036 0.025742 0.031202
0 0.642576 0.600116 0.015211 0.043683
0 0.661882 0.609477 0.028082 0.054083
0 0.703419 0.619877 0.050313 0.108166
0 0.750222 0.631318 0.069034 0.156009
0 0.853773 0.678121 0.149769 0.224653
0 0.964930 0.712443 0.067864 0.305778
0 0.469990 0.601156 0.032762 0.062404
0 0.451854 0.608436 0.036272 0.068644
0 0.426698 0.606356 0.030422 0.081125
0 0.376385 0.611557 0.072544 0.108166
0 0.578807 0.626118 0.119347 0.208012
0 0.304058 0.604760 0.081947 0.060701
