0 0.550986 0.568284 0.008785 0.026028
1 0.571483 0.561343 0.034162 0.064203
0 0.599789 0.589974 0.055635 0.076350
0 0.491934 0.556137 0.027330 0.043380
0 0.521704 0.595180 0.055635 0.072879
0 0.459236 0.560475 0.028306 0.041645
0 0.428002 0.563078 0.036114 0.046851
0 0.394816 0.564813 0.028306 0.043380
0 0.373343 0.570019 0.026354 0.043380
0 0.350405 0.573489 0.040995 0.053792
0 0.308923 0.578695 0.026354 0.046851
0 0.284521 0.579563 0.040018 0.055527
0 0.244015 0.586504 0.054659 0.069409
0 0.175691 0.589106 0.097606 0.098907
0 0.063932 0.619473 0.127864 0.253342
