0 0.769123 0.855231 0.011698 0.019063
0 0.746703 0.847433 0.017547 0.017330
0 0.678466 0.838768 0.015597 0.020796
0 0.628264 0.839634 0.018521 0.025995
0 0.649709 0.843967 0.024370 0.020796
0 0.582935 0.827504 0.019496 0.025995
0 0.563926 0.829237 0.022421 0.029461
0 0.533707 0.822305 0.036068 0.029461
0 0.499102 0.829237 0.035093 0.029461
0 0.426478 0.830103 0.078959 0.065854
0 0.081396 0.718325 0.018521 0.025995
0 0.067262 0.713993 0.011698 0.020796
0 0.045329 0.707061 0.024370 0.027728
0 0.061900 0.765982 0.061413 0.076252
0 0.741341 0.871695 0.034118 0.020796
0 0.775947 0.876027 0.029244 0.025995
0 0.586834 0.856098 0.038992 0.031194
