0 0.182141 0.765715 0.205932 0.215085
0 0.430975 0.742834 0.113263 0.154068
0 0.839837 0.757325 0.249693 0.216610
0 0.007956 0.742834 0.015445 0.090000
0 0.346886 0.687156 0.046335 0.064068
0 0.701690 0.729105 0.098676 0.120508
0 0.635621 0.707749 0.055773 0.077797
0 0.597008 0.694783 0.052341 0.076271
0 0.569980 0.685630 0.046335 0.064068
0 0.437411 0.657410 0.028316 0.016780
0 0.390218 0.665037 0.019735 0.025932
0 0.290684 0.668851 0.036896 0.045763
0 0.049143 0.711562 0.097818 0.097627
0 0.072310 0.678003 0.099534 0.067119
0 0.133661 0.648257 0.117553 0.044237
