0 0.498664 0.365403 0.016795 0.029858
0 0.478270 0.371801 0.016795 0.038389
0 0.417089 0.366469 0.043187 0.044787
0 0.455477 0.386730 0.059982 0.072512
0 0.176560 0.398459 0.041988 0.074644
0 0.077589 0.405924 0.122364 0.102370
0 0.297124 0.406990 0.220734 0.262322
0 0.528656 0.368602 0.045586 0.061848
0 0.613830 0.381398 0.062381 0.057583
0 0.684009 0.386730 0.099570 0.140758
0 0.757787 0.351540 0.047986 0.057583
0 0.779981 0.351540 0.068380 0.061848
0 0.812371 0.347275 0.063581 0.066114
0 0.875952 0.347275 0.092373 0.078910
0 0.920339 0.347275 0.097171 0.095972
0 0.950872 0.360071 0.098255 0.108768
