0 0.381410 0.474490 0.028412 0.033673
0 0.413696 0.469898 0.025829 0.027551
0 0.442969 0.464541 0.015497 0.022959
0 0.339653 0.472959 0.048214 0.048980
0 0.281107 0.472959 0.046492 0.058163
0 0.200175 0.477551 0.113648 0.131633
0 0.513999 0.457653 0.014636 0.030612
0 0.530788 0.470663 0.018941 0.035204
0 0.551882 0.480612 0.028412 0.048980
0 0.571253 0.491327 0.034439 0.076531
0 0.605262 0.502041 0.050797 0.101020
0 0.656059 0.521174 0.073182 0.096429
0 0.727089 0.557908 0.123980 0.188265
0 0.863983 0.590051 0.266901 0.329082
0 0.067395 0.481181 0.134790 0.226531
