0 0.099918 0.442779 0.197886 0.237420
0 0.911445 0.568421 0.173516 0.311939
0 0.713072 0.495636 0.197886 0.207959
0 0.605735 0.466440 0.094339 0.131176
0 0.551741 0.475706 0.023395 0.071053
0 0.548817 0.444356 0.056539 0.095628
0 0.515673 0.460109 0.025345 0.057189
0 0.501051 0.460976 0.031194 0.041592
0 0.230055 0.480905 0.058488 0.084917
0 0.287568 0.467908 0.044841 0.058922
0 0.322661 0.460976 0.021446 0.051990
0 0.341670 0.457510 0.018521 0.038126
0 0.359704 0.460976 0.021446 0.027728
0 0.379688 0.454044 0.016572 0.034660
0 0.484967 0.450578 0.016572 0.034660
0 0.472782 0.450578 0.013647 0.020796
0 0.461229 0.448917 0.017257 0.021807
0 0.439992 0.447664 0.017715 0.019641
0 0.885613 0.467908 0.082859 0.076252
