0 0.530161 0.557812 0.007910 0.018750
0 0.505113 0.566250 0.023730 0.039375
0 0.463584 0.577734 0.014502 0.030469
0 0.426011 0.598828 0.060644 0.086719
0 0.395689 0.561328 0.021094 0.021094
0 0.381846 0.568359 0.019775 0.021094
0 0.360752 0.569531 0.025049 0.023437
0 0.327247 0.575390 0.030664 0.025781
0 0.259239 0.577734 0.022412 0.030469
0 0.228916 0.579908 0.035596 0.039503
0 0.186729 0.578627 0.051416 0.055693
0 0.114991 0.570636 0.089118 0.081897
0 0.033140 0.573046 0.065918 0.072656
0 0.554551 0.555468 0.006592 0.018750
0 0.567075 0.561328 0.010547 0.030469
0 0.577622 0.567187 0.021094 0.042187
0 0.596738 0.585338 0.030322 0.045678
0 0.638267 0.591796 0.044824 0.067969
0 0.673203 0.616406 0.046143 0.089062
0 0.734880 0.630483 0.088903 0.135967
0 0.887437 0.647611 0.224121 0.268661
