0 0.448412 0.455777 0.011698 0.017330
0 0.459134 0.449711 0.017547 0.029461
0 0.464983 0.452311 0.013647 0.024262
0 0.478631 0.450578 0.021446 0.034660
0 0.479605 0.461842 0.011698 0.025995
0 0.573187 0.466022 0.076035 0.107139
0 0.615104 0.481486 0.093582 0.106874
0 0.749906 0.507818 0.185771 0.176868
0 0.432327 0.454910 0.016572 0.015597
0 0.421117 0.454044 0.011698 0.017330
0 0.386511 0.457510 0.012673 0.017330
0 0.372864 0.457510 0.014622 0.017330
0 0.351418 0.458376 0.006824 0.019063
0 0.359217 0.460976 0.012673 0.013864
0 0.325098 0.458376 0.020471 0.036393
0 0.311939 0.454910 0.011698 0.022529
0 0.304140 0.466175 0.017547 0.031194
0 0.285131 0.465308 0.024370 0.036393
0 0.264480 0.468871 0.025873 0.043518
0 0.228540 0.478306 0.049819 0.048524
0 0.500564 0.463575 0.034118 0.046791
0 0.051986 0.484937 0.103971 0.103379
0 0.904134 0.485238 0.190088 0.325802
