0 0.174684 0.497995 0.028681 0.056817
0 0.141905 0.505456 0.047802 0.073945
0 0.099566 0.514506 0.042339 0.065558
0 0.068835 0.521790 0.054631 0.070414
0 0.291458 0.485369 0.016389 0.021853
0 0.309213 0.504794 0.030047 0.031565
0 0.330164 0.514523 0.034583 0.051023
0 0.369308 0.532512 0.065558 0.091525
0 0.534972 0.567142 0.193133 0.255239
0 0.240241 0.549713 0.127018 0.179676
0 0.628124 0.560396 0.075118 0.116547
1 0.827965 0.492501 0.344069 0.428968
0 0.034418 0.554569 0.068835 0.106835
0 0.974792 0.675468 0.049351 0.189097
