0 0.477427 0.463359 0.010547 0.030469
0 0.484019 0.465703 0.013184 0.035156
0 0.493907 0.469218 0.022412 0.046875
0 0.509068 0.480937 0.031641 0.056250
0 0.535435 0.479765 0.031641 0.091406
0 0.346910 0.478593 0.013184 0.032812
0 0.332408 0.478593 0.026367 0.046875
0 0.311314 0.484453 0.023730 0.053906
0 0.292857 0.491484 0.029004 0.058594
0 0.246714 0.490312 0.071191 0.079687
0 0.371958 0.475078 0.039551 0.049219
0 0.436558 0.465703 0.018457 0.021094
0 0.588828 0.485625 0.104150 0.126562
0 0.165635 0.506718 0.117334 0.121875
0 0.021844 0.495000 0.043687 0.065625
0 0.467539 0.458672 0.011865 0.035156
