0 0.413569 0.492187 0.014502 0.028125
0 0.443891 0.491015 0.014502 0.021094
0 0.455757 0.494531 0.017139 0.037500
0 0.405659 0.496875 0.014502 0.037500
0 0.395112 0.500390 0.017139 0.039844
0 0.384565 0.503906 0.019775 0.060937
0 0.372700 0.502734 0.035596 0.072656
0 0.464985 0.499218 0.014502 0.037500
0 0.474873 0.505078 0.018457 0.044531
0 0.492011 0.505078 0.029004 0.063281
0 0.516401 0.510937 0.038232 0.093750
0 0.320361 0.499218 0.087012 0.145312
0 0.367822 0.523828 0.021094 0.053906
0 0.315747 0.532031 0.048779 0.126562
0 0.547382 0.517968 0.063281 0.112500
0 0.587592 0.543750 0.067236 0.135937
1 0.203159 0.542589 0.201709 0.294719
0 0.702730 0.566636 0.222628 0.254227
0 0.083716 0.562890 0.167432 0.391406
0 0.907031 0.663616 0.181933 0.311609
