0 0.118896 0.523922 0.088100 0.088706
0 0.196345 0.510985 0.063679 0.054517
0 0.604302 0.522410 0.065212 0.070169
0 0.559396 0.501052 0.042881 0.051283
0 0.529907 0.498049 0.028067 0.036037
0 0.511585 0.497356 0.010135 0.029107
0 0.504179 0.495277 0.010915 0.024949
0 0.497162 0.491119 0.010915 0.024949
0 0.486247 0.486961 0.015593 0.027721
0 0.475722 0.489733 0.010135 0.016632
0 0.463637 0.484882 0.012474 0.020791
0 0.299522 0.503593 0.028847 0.038809
0 0.319403 0.500128 0.017152 0.034651
0 0.331098 0.493891 0.020271 0.030493
0 0.390740 0.498742 0.019491 0.031879
0 0.372029 0.493891 0.016373 0.019405
0 0.404774 0.495970 0.014813 0.029107
0 0.417638 0.491812 0.012474 0.023563
0 0.430113 0.484189 0.012474 0.016632
0 0.441417 0.484189 0.013254 0.022177
