0 0.451336 0.227888 0.023395 0.039859
0 0.437689 0.224422 0.007798 0.019063
0 0.432815 0.223556 0.011698 0.024262
0 0.427941 0.220956 0.011698 0.029461
0 0.412344 0.227022 0.025345 0.045058
0 0.489354 0.232221 0.025345 0.031194
0 0.512262 0.250417 0.018521 0.053723
0 0.521522 0.257349 0.021446 0.067587
0 0.558077 0.246085 0.075060 0.124775
0 0.580985 0.271213 0.089682 0.126508
0 0.660995 0.298126 0.153869 0.207836
0 0.325586 0.269480 0.081884 0.171566
0 0.162306 0.262548 0.324611 0.372593
0 0.833795 0.312805 0.332409 0.362195
0 0.033300 0.390119 0.066599 0.248722
