0 0.205838 0.629646 0.034413 0.052002
0 0.180172 0.639587 0.048465 0.059649
0 0.142174 0.647717 0.055060 0.060613
0 0.064651 0.649915 0.103428 0.093697
0 0.481163 0.604645 0.011184 0.016314
0 0.462380 0.604900 0.014912 0.015804
0 0.445890 0.612292 0.016346 0.030589
0 0.424956 0.625297 0.041009 0.059658
0 0.586673 0.617665 0.027817 0.030079
0 0.360474 0.613822 0.020648 0.028550
0 0.251739 0.632294 0.041773 0.036945
0 0.492644 0.602105 0.006309 0.013255
0 0.500244 0.610517 0.011184 0.014785
0 0.502968 0.613831 0.011471 0.017334
