0 0.552816 0.419010 0.012895 0.017830
0 0.570726 0.412642 0.014328 0.025472
0 0.587919 0.419010 0.014328 0.028019
0 0.615142 0.420283 0.017193 0.030566
0 0.635917 0.424104 0.024357 0.033113
1 0.748391 0.414340 0.151875 0.101887
0 0.516280 0.413066 0.020059 0.022925
0 0.503385 0.415189 0.022925 0.025472
0 0.476878 0.417736 0.018626 0.030566
0 0.398456 0.438114 0.023595 0.025472
0 0.247989 0.453397 0.052302 0.030566
0 0.139857 0.461038 0.079437 0.056038
0 0.367270 0.414765 0.017193 0.017830
0 0.493355 0.357453 0.014328 0.025472
0 0.491923 0.375283 0.014328 0.020377
0 0.492639 0.395661 0.015761 0.020377
0 0.509832 0.390566 0.018626 0.020377
