0 0.564163 0.341838 0.011713 0.020823
0 0.577827 0.344441 0.011713 0.019087
0 0.589540 0.347043 0.011713 0.027763
0 0.610037 0.350514 0.025378 0.038175
0 0.623702 0.357455 0.013665 0.034704
0 0.652008 0.360324 0.048803 0.088496
0 0.697532 0.387734 0.098856 0.132639
0 0.878861 0.417029 0.240926 0.261437
0 0.532929 0.343573 0.031234 0.041645
0 0.508039 0.341838 0.012689 0.024293
0 0.494374 0.339235 0.018545 0.036440
0 0.475341 0.344441 0.033186 0.043380
0 0.462164 0.351382 0.028306 0.043380
0 0.446059 0.353117 0.025378 0.053792
0 0.423122 0.360925 0.045875 0.062468
0 0.379687 0.367866 0.056611 0.104113
0 0.304043 0.370469 0.123960 0.147493
0 0.183834 0.402249 0.225776 0.193701
