0 0.442458 0.513230 0.012994 0.025873
0 0.424527 0.513692 0.028067 0.034189
0 0.379047 0.509072 0.018192 0.023101
0 0.352799 0.507686 0.034304 0.040657
0 0.338506 0.510458 0.030666 0.049897
0 0.321094 0.507686 0.034304 0.055441
0 0.308619 0.511177 0.032225 0.058728
0 0.280812 0.512909 0.052496 0.073281
0 0.232214 0.512840 0.087320 0.084230
0 0.189111 0.514572 0.075366 0.098783
0 0.110329 0.514616 0.117986 0.122895
0 0.513852 0.511976 0.011435 0.013860
0 0.524508 0.514022 0.012550 0.016104
0 0.550534 0.510524 0.008316 0.012012
0 0.541698 0.511448 0.009356 0.010164
0 0.533642 0.512834 0.005717 0.009240
0 0.575743 0.515606 0.020271 0.025873
0 0.591595 0.520226 0.010395 0.022177
0 0.606253 0.523922 0.024949 0.027721
0 0.833442 0.529466 0.033265 0.042505
0 0.897892 0.531314 0.067569 0.046201
0 0.757896 0.543296 0.109883 0.138634
0 0.057770 0.523922 0.115541 0.134908
0 0.563528 0.513203 0.005198 0.011088
