0 0.477117 0.534906 0.014328 0.020377
0 0.468520 0.533633 0.014328 0.022925
0 0.457058 0.533633 0.017193 0.022925
0 0.444880 0.536180 0.015761 0.022925
0 0.428403 0.534906 0.025790 0.035660
0 0.416940 0.541274 0.025790 0.038208
0 0.406911 0.550189 0.022925 0.045849
0 0.393299 0.555284 0.030088 0.061132
0 0.368655 0.562925 0.053013 0.091698
0 0.322090 0.576712 0.080236 0.129460
0 0.487720 0.541274 0.017193 0.043302
0 0.527551 0.556557 0.048715 0.063679
0 0.542667 0.579910 0.041693 0.079819
0 0.256668 0.611712 0.134282 0.178378
0 0.023641 0.585850 0.047282 0.050943
0 0.597535 0.574320 0.094119 0.145054
