0 0.508998 0.392446 0.036915 0.058352
0 0.484869 0.376066 0.013196 0.034123
0 0.469873 0.387796 0.028791 0.040521
0 0.534654 0.371801 0.009597 0.017062
0 0.546650 0.376066 0.014396 0.034123
0 0.561311 0.380807 0.030660 0.052136
0 0.598235 0.395260 0.045586 0.072512
0 0.615630 0.406990 0.044387 0.078910
0 0.649820 0.420853 0.067180 0.106635
0 0.708525 0.454369 0.117410 0.165136
0 0.833365 0.507207 0.239929 0.275676
0 0.928079 0.511493 0.143842 0.467061
0 0.405405 0.416216 0.034459 0.100901
0 0.362299 0.434457 0.094320 0.154509
0 0.276090 0.473858 0.171468 0.212645
0 0.134766 0.554054 0.269532 0.445045
