0 0.519544 0.444335 0.016389 0.029137
0 0.533202 0.451376 0.021853 0.041277
0 0.545493 0.451680 0.021851 0.051596
0 0.592421 0.464841 0.053672 0.090137
0 0.738120 0.469058 0.208220 0.258281
0 0.865541 0.530631 0.267568 0.383784
0 0.479936 0.450162 0.013658 0.024281
0 0.468327 0.448948 0.017755 0.036421
0 0.457401 0.451376 0.023218 0.046133
0 0.437300 0.461315 0.029454 0.061154
0 0.420293 0.467660 0.031036 0.059275
0 0.399914 0.472713 0.039360 0.088807
0 0.375945 0.487818 0.052839 0.119860
0 0.289596 0.485785 0.175813 0.214016
0 0.159122 0.579279 0.318243 0.286486
0 0.497691 0.446035 0.016389 0.022824
0 0.979561 0.701802 0.039527 0.311712
0 0.632939 0.472973 0.053716 0.149550
0 0.569088 0.455856 0.027365 0.075676
0 0.555405 0.460360 0.020270 0.055856
