0 0.273280 0.512069 0.011902 0.016928
0 0.254236 0.513127 0.016663 0.014812
0 0.178172 0.537545 0.034871 0.063649
0 0.128211 0.532842 0.069929 0.098280
0 0.370284 0.495141 0.024995 0.029624
0 0.379806 0.502547 0.022615 0.027508
0 0.388733 0.513336 0.026185 0.036391
0 0.415457 0.523727 0.024157 0.052859
0 0.433277 0.527027 0.039527 0.059459
0 0.457453 0.538739 0.047933 0.068468
0 0.326245 0.501489 0.022615 0.025392
0 0.505865 0.547182 0.088946 0.120050
0 0.683615 0.641441 0.268581 0.266667
0 0.038514 0.580086 0.077027 0.119107
0 0.087669 0.551351 0.088176 0.108108
0 0.229561 0.518018 0.031419 0.045045
