0 0.201359 0.520565 0.045254 0.057968
0 0.371019 0.486146 0.018913 0.044271
0 0.323420 0.496793 0.021750 0.023537
0 0.469148 0.476451 0.012294 0.016812
0 0.478132 0.478132 0.011348 0.026899
0 0.489480 0.480654 0.013239 0.025218
0 0.504604 0.482852 0.024575 0.039702
0 0.593882 0.461488 0.049175 0.030262
0 0.531468 0.485025 0.020805 0.047073
0 0.626373 0.489588 0.036881 0.089103
0 0.655316 0.493330 0.057612 0.101628
0 0.113514 0.605405 0.227027 0.281081
0 0.283788 0.495747 0.041610 0.042030
0 0.348566 0.501631 0.044447 0.067248
0 0.419019 0.511718 0.087002 0.131133
0 0.728505 0.512167 0.158531 0.175666
0 0.569807 0.501292 0.082684 0.096515
