0 0.324155 0.302041 0.009471 0.012245
0 0.340514 0.311225 0.012915 0.021429
0 0.356872 0.307653 0.018080 0.031633
0 0.382812 0.319417 0.033110 0.021778
0 0.407432 0.318919 0.024324 0.043243
0 0.436192 0.319417 0.031388 0.061574
0 0.459122 0.328829 0.028378 0.055856
0 0.483985 0.326764 0.037435 0.080554
0 0.527660 0.338813 0.069681 0.093545
0 0.756792 0.334898 0.029273 0.030612
0 0.315545 0.297322 0.006027 0.013776
0 0.286703 0.306505 0.012054 0.019898
0 0.274649 0.311097 0.013776 0.026020
0 0.250167 0.327151 0.040882 0.059212
0 0.229621 0.309490 0.016358 0.021429
0 0.213262 0.317143 0.016358 0.030612
0 0.201639 0.324031 0.015497 0.041327
0 0.180026 0.323262 0.039782 0.048972
0 0.165210 0.332494 0.026366 0.052130
0 0.148247 0.337628 0.025804 0.056276
0 0.115231 0.337899 0.041949 0.062941
0 0.079301 0.344477 0.053197 0.082218
0 0.033446 0.350153 0.066892 0.099694
0 0.011623 0.363061 0.023246 0.097959
0 0.595946 0.357658 0.113514 0.113514
0 0.303218 0.310667 0.017219 0.022959
0 0.272640 0.291837 0.013776 0.015306
0 0.949155 0.350892 0.100338 0.130648
0 0.919380 0.339815 0.088943 0.113163
0 0.873358 0.338236 0.044013 0.076681
