0 0.483329 0.437244 0.010763 0.021260
0 0.446258 0.481890 0.020330 0.021260
0 0.367530 0.470906 0.011959 0.019134
0 0.386664 0.463465 0.023917 0.021260
0 0.354216 0.484512 0.021526 0.044646
0 0.334484 0.485575 0.027505 0.046772
0 0.315948 0.493016 0.033484 0.048898
0 0.282464 0.496205 0.043051 0.068032
0 0.243234 0.505040 0.062856 0.074605
0 0.170913 0.506835 0.087298 0.110551
0 0.093019 0.523725 0.107882 0.130928
0 0.025845 0.527672 0.051689 0.173485
0 0.511233 0.474945 0.013155 0.029764
0 0.520202 0.485575 0.021526 0.042520
0 0.533356 0.490890 0.019134 0.057402
0 0.560861 0.497268 0.052618 0.074409
0 0.588964 0.538725 0.070556 0.106299
0 0.640764 0.567021 0.119147 0.141633
0 0.386876 0.519820 0.086589 0.102703
