0 0.328859 0.473420 0.082148 0.112619
0 0.214403 0.493823 0.179301 0.201544
0 0.098818 0.577367 0.197635 0.355177
0 0.917568 0.593561 0.164865 0.274723
0 0.384416 0.461048 0.033871 0.054481
0 0.416047 0.463063 0.033446 0.050450
0 0.857432 0.499099 0.283784 0.277477
0 0.789020 0.483784 0.221959 0.181982
0 0.716047 0.481081 0.181419 0.133333
0 0.637500 0.480180 0.087162 0.106306
0 0.617230 0.458559 0.093243 0.091892
0 0.566554 0.460360 0.032432 0.055856
0 0.543750 0.451351 0.027365 0.052252
0 0.526520 0.462162 0.023311 0.037838
