0 0.099015 0.583521 0.196471 0.218994
0 0.911016 0.760934 0.176980 0.396406
0 0.280672 0.544712 0.099795 0.110883
0 0.495465 0.547484 0.042881 0.069302
0 0.676732 0.584214 0.138777 0.173255
0 0.414382 0.544019 0.056914 0.076232
0 0.337976 0.547484 0.025728 0.074846
0 0.364094 0.547484 0.034304 0.052669
0 0.605005 0.573126 0.035864 0.095637
0 0.572650 0.564810 0.027288 0.076232
0 0.553938 0.545405 0.019491 0.062372
0 0.543023 0.543326 0.016373 0.058214
0 0.530159 0.544019 0.014034 0.042967
0 0.450245 0.526694 0.011695 0.022177
0 0.462720 0.527387 0.013254 0.020791
