0 0.484385 0.520265 0.015137 0.017940
0 0.469879 0.521387 0.011353 0.020183
0 0.457265 0.524750 0.013876 0.017940
0 0.445281 0.526993 0.012614 0.022425
0 0.428883 0.531478 0.017660 0.017940
0 0.172184 0.549418 0.039104 0.044850
0 0.129295 0.560631 0.049195 0.053821
0 0.497630 0.526993 0.008830 0.031395
0 0.511506 0.531478 0.018921 0.035880
0 0.529165 0.549418 0.036581 0.080731
0 0.551871 0.576328 0.061810 0.179402
0 0.626295 0.590905 0.205611 0.235465
0 0.399870 0.534842 0.030274 0.038123
0 0.370227 0.540448 0.029013 0.035880
0 0.309678 0.551661 0.084515 0.089701
0 0.225794 0.556146 0.083254 0.089701
0 0.782380 0.752367 0.432667 0.491113
