0 0.060033 0.491350 0.118506 0.209292
0 0.850983 0.539861 0.293926 0.353439
0 0.520413 0.451155 0.035084 0.051283
0 0.351620 0.446304 0.040542 0.049897
0 0.165285 0.485113 0.121625 0.146920
0 0.243249 0.470559 0.057694 0.112269
0 0.688817 0.499666 0.158268 0.181571
0 0.620988 0.487885 0.088100 0.121971
0 0.576548 0.469866 0.070948 0.108111
0 0.502482 0.434522 0.021050 0.031879
0 0.494685 0.427592 0.017932 0.029107
0 0.363705 0.431750 0.038203 0.040195
0 0.383586 0.427592 0.020271 0.037423
0 0.406585 0.424127 0.022610 0.036037
0 0.455703 0.413732 0.013254 0.020791
