0 0.418954 0.574219 0.015820 0.026562
0 0.408408 0.579687 0.022852 0.028125
0 0.491025 0.573437 0.012305 0.021875
0 0.507724 0.574219 0.017578 0.023437
0 0.523544 0.578125 0.021094 0.043750
0 0.380283 0.582812 0.036914 0.065625
0 0.536728 0.572656 0.026367 0.073437
0 0.578915 0.579687 0.089648 0.121875
0 0.644917 0.600732 0.094043 0.140625
0 0.263472 0.624951 0.081738 0.120312
0 0.816064 0.608179 0.297949 0.238232
0 0.117773 0.655469 0.228516 0.251562
0 0.344971 0.596875 0.057129 0.081250
0 0.930412 0.767187 0.137808 0.196875
