0 0.087900 0.635634 0.175801 0.161798
1 0.902633 0.562319 0.193728 0.470224
0 0.217040 0.616673 0.099543 0.113764
0 0.286721 0.596574 0.059726 0.078120
0 0.330093 0.593291 0.044084 0.070786
0 0.357613 0.584051 0.028020 0.058632
0 0.387397 0.591658 0.039238 0.031895
0 0.659298 0.593920 0.022753 0.037921
0 0.630146 0.586336 0.038395 0.048034
0 0.690583 0.603536 0.039817 0.031873
0 0.567858 0.588691 0.033796 0.043763
0 0.503583 0.583808 0.038395 0.053090
0 0.534576 0.576871 0.023590 0.039216
0 0.605260 0.576024 0.022753 0.033264
