0 0.377300 0.399906 0.022925 0.030566
0 0.360106 0.406698 0.020059 0.035660
0 0.341480 0.400331 0.022925 0.053491
0 0.317839 0.411793 0.041551 0.056038
0 0.288467 0.419434 0.028656 0.066226
0 0.258379 0.416887 0.060177 0.086604
0 0.206082 0.438538 0.093131 0.099340
0 0.089788 0.465283 0.179576 0.193585
0 0.437477 0.396510 0.017193 0.025472
0 0.456819 0.406274 0.021492 0.028019
0 0.476162 0.402453 0.025790 0.035660
0 0.499087 0.398632 0.031521 0.053491
0 0.516996 0.405000 0.032954 0.056038
0 0.537055 0.410095 0.053013 0.066226
0 0.552100 0.416463 0.040118 0.068774
0 0.622306 0.412642 0.154741 0.152830
0 0.721168 0.461038 0.174800 0.152830
0 0.895251 0.538727 0.207754 0.262359
0 0.396642 0.397359 0.024357 0.030566
