0 0.062875 0.601348 0.121851 0.433248
0 0.144272 0.511233 0.144272 0.155969
0 0.238828 0.475706 0.087733 0.116110
0 0.298291 0.470507 0.054589 0.081451
0 0.337284 0.472240 0.038992 0.060655
0 0.359704 0.451851 0.044841 0.056376
0 0.380662 0.457510 0.016572 0.034660
0 0.398696 0.454910 0.021446 0.025995
0 0.867092 0.577086 0.264173 0.558023
0 0.687727 0.472240 0.264173 0.341399
0 0.551254 0.476573 0.071161 0.176765
0 0.527858 0.457510 0.061413 0.145571
0 0.493740 0.454044 0.034118 0.083184
0 0.476194 0.457510 0.022421 0.045058
0 0.464009 0.459243 0.011698 0.024262
0 0.441588 0.462709 0.015597 0.020796
0 0.420630 0.453177 0.018521 0.022529
