0 0.421424 0.442194 0.012342 0.020253
0 0.430253 0.447257 0.014810 0.020253
0 0.443354 0.449789 0.011392 0.018565
0 0.450949 0.454008 0.015190 0.020253
0 0.343956 0.451477 0.019937 0.025316
0 0.313576 0.448945 0.023734 0.040506
0 0.329240 0.451477 0.015190 0.032067
0 0.217880 0.467510 0.038924 0.067511
0 0.182278 0.478481 0.055063 0.065823
0 0.521867 0.464979 0.035127 0.069198
0 0.531835 0.470042 0.028481 0.072574
0 0.555569 0.472574 0.053165 0.104641
0 0.595917 0.488607 0.069304 0.113080
0 0.640538 0.505485 0.092089 0.146835
0 0.251772 0.463291 0.037975 0.052321
0 0.293734 0.453164 0.028481 0.042194
0 0.361614 0.448945 0.018038 0.023629
0 0.396740 0.444726 0.010443 0.015190
0 0.411456 0.445569 0.011392 0.016878
0 0.475538 0.447257 0.038924 0.054008
0 0.795976 0.530440 0.252532 0.286920
0 0.124367 0.484669 0.093038 0.086076
0 0.007595 0.499859 0.015190 0.082700
1 0.421424 0.427004 0.014241 0.023629
