0 0.307652 0.530040 0.023011 0.028459
0 0.285141 0.530929 0.022011 0.030237
0 0.261629 0.529150 0.031015 0.030237
0 0.234116 0.538933 0.022011 0.035573
0 0.198098 0.547826 0.030015 0.053360
0 0.166582 0.566502 0.075037 0.090711
0 0.025012 0.546937 0.050025 0.119170
0 0.019009 0.587846 0.038019 0.112055
0 0.459627 0.525949 0.016008 0.044466
1 0.501148 0.570415 0.089044 0.126285
0 0.389592 0.597984 0.168083 0.238340
0 0.629211 0.632668 0.179088 0.183202
0 0.945767 0.598874 0.049024 0.069368
2 0.058429 0.489131 0.116057 0.160079
