0 0.547506 0.474024 0.018711 0.042967
0 0.532303 0.460164 0.011695 0.020791
0 0.512032 0.458778 0.013254 0.018018
0 0.495270 0.485113 0.024949 0.070688
0 0.521778 0.503824 0.063931 0.099795
0 0.583370 0.495508 0.042101 0.066530
0 0.849619 0.534317 0.056134 0.099795
0 0.714350 0.566196 0.289248 0.407495
0 0.471101 0.485113 0.016373 0.029107
0 0.457067 0.487885 0.017932 0.040195
0 0.392357 0.492736 0.127082 0.277207
0 0.082560 0.532990 0.072733 0.144029
0 0.039957 0.562731 0.077965 0.347895
0 0.972842 0.617618 0.053016 0.218994
0 0.321838 0.505210 0.018711 0.051283
0 0.938888 0.552336 0.080303 0.105339
0 0.127700 0.521631 0.058488 0.093582
