0 0.382505 0.539531 0.029004 0.051562
0 0.350205 0.540703 0.048779 0.072656
0 0.309336 0.552421 0.051416 0.096094
0 0.261875 0.585234 0.077783 0.124219
0 0.482041 0.523125 0.027686 0.028125
0 0.569712 0.524297 0.042187 0.091406
0 0.762192 0.533672 0.192480 0.222656
0 0.619151 0.524297 0.093603 0.138281
0 0.448423 0.523125 0.023730 0.028125
0 0.422056 0.527812 0.021094 0.028125
0 0.516978 0.534843 0.060644 0.079687
0 0.146519 0.594609 0.189844 0.260156
0 0.039732 0.694218 0.079102 0.173437
0 0.894687 0.600468 0.209619 0.365625
