0 0.347519 0.461875 0.011602 0.022500
0 0.336445 0.465625 0.018984 0.037500
0 0.452461 0.460000 0.010547 0.026250
0 0.461953 0.460000 0.016875 0.026250
0 0.474082 0.468437 0.013711 0.039375
0 0.615937 0.486250 0.067500 0.048750
0 0.311154 0.467519 0.036914 0.058125
0 0.492560 0.482519 0.034805 0.043125
0 0.548986 0.499394 0.059062 0.073125
0 0.729843 0.564375 0.202500 0.195000
0 0.226758 0.480937 0.067500 0.091875
0 0.161894 0.495000 0.091758 0.097500
0 0.069609 0.509062 0.120234 0.151875
0 0.010547 0.524062 0.018984 0.144375
0 0.378692 0.472169 0.037975 0.042194
