0 0.497937 0.518299 0.017224 0.019970
0 0.476968 0.533609 0.032202 0.037278
0 0.469105 0.510976 0.026960 0.021302
0 0.448510 0.508314 0.014229 0.015976
0 0.433158 0.499660 0.014978 0.011982
0 0.387101 0.530281 0.023216 0.033284
0 0.357895 0.535606 0.044185 0.067899
0 0.248257 0.539601 0.032202 0.057249
0 0.425370 0.572485 0.094360 0.126479
0 0.304424 0.551183 0.096607 0.107840
0 0.153148 0.563831 0.172994 0.143787
0 0.893052 0.790828 0.211187 0.415385
0 0.582356 0.532639 0.052422 0.054586
0 0.543039 0.530642 0.027709 0.042604
0 0.017534 0.818916 0.032954 0.262359
