0 0.899763 0.443070 0.198030 0.283676
0 0.781032 0.465555 0.096676 0.128439
0 0.718574 0.449846 0.088880 0.111807
0 0.505557 0.437834 0.021830 0.037885
0 0.519851 0.433214 0.010915 0.030493
0 0.528167 0.430904 0.007796 0.024025
0 0.535444 0.423973 0.006757 0.015708
0 0.581703 0.420739 0.006757 0.020329
0 0.589759 0.423511 0.010395 0.025873
0 0.545579 0.420277 0.009356 0.024949
0 0.233946 0.475064 0.029003 0.013167
0 0.443185 0.439220 0.011435 0.012936
0 0.487365 0.434600 0.013514 0.012936
0 0.496635 0.454343 0.030666 0.036037
0 0.606045 0.439097 0.034304 0.046201
1 0.563684 0.422972 0.031706 0.060062
0 0.340134 0.450739 0.020791 0.009240
0 0.695854 0.414427 0.021434 0.038105
