0 0.078703 0.351895 0.021853 0.026709
0 0.142895 0.345825 0.010926 0.019424
0 0.139481 0.345825 0.012292 0.024281
0 0.123091 0.348253 0.023218 0.038849
0 0.100556 0.350681 0.024584 0.033993
0 0.052753 0.356751 0.030047 0.031565
0 0.157236 0.348253 0.015024 0.019424
0 0.171577 0.345825 0.010926 0.024281
0 0.193458 0.353398 0.040917 0.053995
0 0.572491 0.317266 0.028681 0.038849
0 0.632585 0.313624 0.094239 0.055845
0 0.760969 0.302698 0.025950 0.043705
0 0.799211 0.297842 0.061460 0.043705
0 0.839502 0.289344 0.021853 0.046133
0 0.977446 0.314838 0.040974 0.043705
0 0.980177 0.286916 0.035510 0.031565
