0 0.371371 0.629507 0.007677 0.010236
0 0.366573 0.635763 0.005758 0.011373
0 0.361135 0.639743 0.006397 0.017060
0 0.347700 0.640312 0.007677 0.015922
0 0.337465 0.640881 0.011515 0.019334
0 0.324350 0.642018 0.013435 0.021609
0 0.316353 0.643155 0.014074 0.026158
0 0.305477 0.643724 0.012795 0.036394
0 0.300359 0.651116 0.019192 0.032982
0 0.281807 0.652254 0.023031 0.046630
0 0.264534 0.651116 0.026869 0.069377
0 0.242783 0.655097 0.040944 0.072789
0 0.192243 0.675569 0.070372 0.075063
0 0.403038 0.622079 0.010236 0.019334
0 0.407836 0.631746 0.012155 0.020472
0 0.415193 0.635158 0.006397 0.018197
0 0.423830 0.640276 0.010876 0.026158
0 0.433106 0.637433 0.012795 0.020472
0 0.443662 0.639139 0.013435 0.028433
0 0.458376 0.640845 0.022391 0.031845
0 0.480767 0.641982 0.031347 0.056866
0 0.502838 0.647100 0.034546 0.060278
0 0.538984 0.649375 0.058217 0.076201
0 0.355479 0.642421 0.009229 0.025781
