0 0.476805 0.224711 0.034162 0.039910
0 0.489494 0.270694 0.038066 0.055527
0 0.549522 0.293513 0.072228 0.082768
0 0.459008 0.289236 0.068037 0.099552
0 0.669162 0.328824 0.145287 0.144023
0 0.909694 0.388416 0.179607 0.333901
0 0.404577 0.199550 0.008785 0.017352
0 0.387008 0.213432 0.012689 0.024293
0 0.382127 0.218637 0.018545 0.034704
0 0.371879 0.234254 0.025378 0.031234
0 0.371879 0.249871 0.025378 0.034704
0 0.368951 0.271562 0.031234 0.046851
0 0.360166 0.281105 0.023425 0.041645
0 0.346501 0.298457 0.040995 0.107583
0 0.291354 0.339235 0.141529 0.182198
0 0.130699 0.502053 0.261035 0.495043
