0 0.544546 0.424214 0.016142 0.019963
0 0.557530 0.436067 0.023862 0.028697
0 0.580339 0.443553 0.025968 0.041174
0 0.598587 0.448544 0.030178 0.058641
0 0.635433 0.452911 0.051935 0.074861
0 0.681718 0.471003 0.089904 0.098567
0 0.818501 0.500000 0.177568 0.202726
0 0.513385 0.420471 0.017546 0.019963
0 0.059185 0.496122 0.116405 0.162781
0 0.176661 0.493057 0.128130 0.114396
0 0.270437 0.471487 0.054742 0.096209
0 0.322021 0.472042 0.051233 0.062384
0 0.363078 0.458318 0.032284 0.049908
0 0.385536 0.453327 0.022458 0.042421
0 0.402731 0.453327 0.014738 0.039926
0 0.949567 0.597882 0.095103 0.197561
