0 0.414766 0.381614 0.019532 0.023386
0 0.392842 0.375236 0.017938 0.014882
0 0.379090 0.379488 0.011959 0.014882
0 0.364739 0.383740 0.019134 0.019134
0 0.341420 0.394370 0.029897 0.027638
0 0.431110 0.381614 0.010763 0.014882
0 0.441275 0.386929 0.007175 0.017008
0 0.450244 0.394370 0.017938 0.023386
0 0.461007 0.405000 0.017938 0.027638
1 0.496683 0.387992 0.071752 0.138189
0 0.504456 0.431575 0.041855 0.093543
1 0.591755 0.383386 0.142308 0.233858
0 0.304946 0.406063 0.035876 0.046772
1 0.842652 0.419669 0.312121 0.833386
0 0.391811 0.387780 0.020330 0.025512
