0 0.392871 0.405468 0.015820 0.023437
0 0.371777 0.407812 0.023730 0.037500
0 0.347387 0.405468 0.027686 0.046875
0 0.324975 0.412500 0.025049 0.060937
0 0.303222 0.408984 0.034277 0.077344
0 0.252466 0.418359 0.069873 0.091406
0 0.184570 0.439098 0.076465 0.123508
0 0.080499 0.454001 0.146605 0.165251
0 0.013843 0.480000 0.027686 0.135937
0 0.456811 0.413437 0.017139 0.018750
0 0.491089 0.404062 0.014502 0.018750
0 0.502954 0.402890 0.017139 0.030469
0 0.524047 0.393515 0.035596 0.063281
0 0.530639 0.406406 0.027686 0.046875
0 0.583464 0.408906 0.083238 0.115938
0 0.755419 0.440393 0.234668 0.250463
