0 0.359537 0.447398 0.078968 0.122430
0 0.520944 0.455993 0.036896 0.047288
0 0.546721 0.456610 0.028316 0.088475
0 0.059434 0.461274 0.047434 0.052237
0 0.212778 0.449128 0.050876 0.048814
0 0.161421 0.457518 0.036896 0.044237
0 0.117723 0.458639 0.050500 0.045046
0 0.010833 0.464382 0.020593 0.061017
0 0.417386 0.440053 0.023874 0.029383
0 0.446758 0.437542 0.020593 0.028983
0 0.468210 0.438305 0.012013 0.030508
0 0.489232 0.439830 0.035180 0.051864
0 0.267772 0.447712 0.045872 0.047288
0 0.599606 0.456898 0.106398 0.154000
0 0.935004 0.697688 0.126716 0.318715
