0 0.051507 0.456772 0.103013 0.101788
0 0.134283 0.448011 0.060357 0.073614
0 0.515725 0.442397 0.051233 0.072366
0 0.573274 0.485520 0.093343 0.170358
0 0.729079 0.523850 0.278625 0.264055
0 0.444138 0.430544 0.044215 0.046164
0 0.382378 0.404621 0.040004 0.063075
0 0.300264 0.414324 0.030178 0.026201
0 0.183301 0.441682 0.038600 0.054898
0 0.225761 0.426086 0.046320 0.041174
0 0.254887 0.423590 0.010527 0.028697
0 0.265414 0.423590 0.010527 0.026201
0 0.279802 0.419224 0.015440 0.024954
0 0.329631 0.403004 0.019651 0.024954
0 0.353142 0.406123 0.028775 0.043669
0 0.413499 0.413609 0.024564 0.041174
0 0.480290 0.431700 0.042110 0.057394
0 0.301675 0.392398 0.032986 0.021211
