0 0.333317 0.469317 0.012855 0.021221
0 0.315871 0.473398 0.018365 0.019589
0 0.296129 0.476663 0.017446 0.016324
0 0.271796 0.481560 0.029383 0.026119
0 0.224976 0.486457 0.063773 0.068561
0 0.144839 0.492987 0.051421 0.052237
0 0.093343 0.503344 0.051571 0.063158
0 0.033779 0.516657 0.067557 0.086518
0 0.354895 0.469317 0.011937 0.013059
0 0.374637 0.463603 0.012855 0.014692
0 0.404480 0.469317 0.011937 0.016324
0 0.417794 0.464420 0.012855 0.019589
0 0.429272 0.466868 0.011937 0.014692
0 0.446167 0.468827 0.019283 0.026119
0 0.461318 0.470460 0.025710 0.035913
0 0.484733 0.478622 0.024792 0.032648
0 0.509984 0.482703 0.031220 0.037545
0 0.541361 0.490072 0.053257 0.057134
0 0.588949 0.501712 0.075295 0.093047
0 0.676181 0.524702 0.130577 0.132879
