0 0.936534 0.462796 0.031191 0.029858
0 0.824968 0.456398 0.028791 0.025592
0 0.609032 0.456398 0.021594 0.017062
0 0.583839 0.456398 0.021594 0.021327
0 0.561046 0.456398 0.028791 0.025592
0 0.541852 0.458531 0.014396 0.021327
0 0.463875 0.465995 0.045586 0.027725
0 0.429085 0.460663 0.019194 0.025592
0 0.326516 0.445734 0.032390 0.021327
0 0.308521 0.468128 0.046786 0.027725
0 0.278530 0.461730 0.025193 0.027725
0 0.268933 0.454265 0.017995 0.021327
0 0.243140 0.467061 0.045586 0.029858
0 0.232343 0.452132 0.023993 0.025592
0 0.213749 0.445734 0.025193 0.025592
0 0.112979 0.456398 0.032390 0.025592
0 0.094984 0.457464 0.027592 0.023460
0 0.077589 0.469194 0.055184 0.042654
0 0.024399 0.489455 0.048798 0.053318
0 0.032797 0.477725 0.065593 0.051185
