0 0.411690 0.714099 0.020394 0.040521
0 0.394295 0.713033 0.023993 0.051185
0 0.372702 0.720497 0.033590 0.057583
0 0.355907 0.727962 0.055184 0.063981
0 0.444680 0.719431 0.026392 0.034123
0 0.477671 0.725829 0.015595 0.025592
0 0.493266 0.726895 0.015595 0.023460
0 0.511261 0.731161 0.015595 0.023460
0 0.646221 0.735426 0.031191 0.040521
0 0.670813 0.746090 0.027592 0.044787
0 0.694206 0.749289 0.038389 0.042654
0 0.737993 0.754620 0.061182 0.061848
0 0.800975 0.763151 0.067180 0.066114
0 0.880751 0.779146 0.099570 0.098104
0 0.553848 0.737559 0.091173 0.138626
