0 0.626351 0.441441 0.026351 0.039640
0 0.646622 0.443243 0.030405 0.046847
0 0.664358 0.455856 0.025338 0.050450
0 0.679533 0.454896 0.045663 0.063181
0 0.713898 0.469244 0.049418 0.066917
0 0.506348 0.424345 0.019891 0.027042
0 0.561546 0.450252 0.034341 0.058054
0 0.419178 0.458668 0.058504 0.074884
0 0.542620 0.425386 0.012871 0.029122
0 0.601520 0.432432 0.019257 0.032432
0 0.453110 0.428506 0.014041 0.027042
0 0.520922 0.419970 0.013013 0.016331
0 0.490302 0.419289 0.008420 0.017692
0 0.920768 0.583821 0.156927 0.375605
