0 0.414240 0.522337 0.012758 0.024742
0 0.404961 0.524399 0.012758 0.028866
0 0.398003 0.524399 0.010438 0.032990
0 0.383505 0.526461 0.011598 0.032990
0 0.374807 0.529553 0.012758 0.039175
0 0.364369 0.533677 0.019716 0.039175
0 0.349195 0.542612 0.017204 0.037801
0 0.485374 0.518557 0.004639 0.022680
0 0.490593 0.518557 0.005799 0.026804
0 0.493492 0.520619 0.006959 0.030928
0 0.499871 0.522680 0.008119 0.035052
0 0.506250 0.523711 0.011598 0.037113
0 0.517848 0.526804 0.013918 0.039175
0 0.530026 0.529897 0.022036 0.045361
0 0.546843 0.535258 0.031314 0.061856
0 0.582796 0.536289 0.063789 0.096907
0 0.208763 0.545017 0.069588 0.074227
0 0.313144 0.541924 0.055670 0.076289
0 0.712114 0.545017 0.204124 0.218557
0 0.063368 0.616907 0.126418 0.160825
0 0.446462 0.520764 0.027295 0.029461
