0 0.413050 0.509579 0.027551 0.031607
0 0.481799 0.496837 0.010332 0.018367
0 0.495144 0.498368 0.011193 0.021429
0 0.505045 0.502194 0.012054 0.019898
0 0.522695 0.503725 0.035300 0.044388
0 0.377166 0.507289 0.042188 0.058163
0 0.293222 0.525984 0.046492 0.071939
0 0.216165 0.486954 0.043909 0.030612
0 0.246299 0.532872 0.074904 0.101020
0 0.170964 0.543586 0.101594 0.125510
0 0.552189 0.514067 0.019802 0.033673
0 0.568978 0.511771 0.027551 0.084184
0 0.453178 0.505649 0.037022 0.044388
0 0.066534 0.556011 0.133068 0.205102
0 0.608275 0.514286 0.080070 0.113265
