0 0.481382 0.389531 0.010547 0.018750
0 0.474131 0.395390 0.011865 0.025781
0 0.468858 0.400078 0.017139 0.035156
0 0.456992 0.405937 0.022412 0.046875
0 0.437876 0.409453 0.031641 0.058594
0 0.552573 0.371953 0.018457 0.021094
0 0.553233 0.388359 0.011865 0.030469
0 0.565757 0.389531 0.018457 0.037500
0 0.574986 0.391875 0.015820 0.037500
0 0.587510 0.391875 0.017139 0.037500
0 0.600694 0.395390 0.025049 0.044531
0 0.683750 0.407109 0.030322 0.039844
0 0.737144 0.415312 0.097559 0.126562
0 0.797129 0.438750 0.119971 0.159375
0 0.500498 0.395390 0.025049 0.030469
0 0.538731 0.396562 0.025049 0.032812
0 0.406236 0.417656 0.047461 0.060937
0 0.634971 0.428203 0.083057 0.110156
0 0.213755 0.458672 0.213574 0.288281
0 0.905894 0.442265 0.187207 0.288281
