0 0.845646 0.509500 0.305115 0.481772
0 0.675298 0.434981 0.065312 0.102247
0 0.622171 0.432381 0.040942 0.100514
0 0.526153 0.431515 0.051665 0.060655
0 0.474488 0.437580 0.049715 0.034660
0 0.279526 0.455777 0.028269 0.060655
0 0.249307 0.449711 0.030219 0.048524
0 0.224450 0.441046 0.019496 0.041592
0 0.202029 0.431515 0.023395 0.043325
0 0.183020 0.421983 0.014622 0.041592
0 0.027051 0.439313 0.034118 0.062388
0 0.052396 0.431515 0.012672 0.046791
0 0.065068 0.432381 0.008773 0.034660
0 0.073842 0.434981 0.008773 0.025995
0 0.082615 0.422850 0.012672 0.025995
0 0.091388 0.417651 0.008773 0.022529
0 0.098699 0.415052 0.007798 0.024262
0 0.102599 0.401188 0.007798 0.010398
0 0.102111 0.393389 0.008773 0.008665
0 0.143053 0.427182 0.028269 0.038126
0 0.323393 0.460109 0.077010 0.076252
0 0.124532 0.391656 0.012672 0.012131
0 0.008530 0.444512 0.016572 0.076252
0 0.136229 0.382991 0.008773 0.015597
