0 0.092119 0.588697 0.182289 0.452311
0 0.227130 0.589564 0.140372 0.256483
0 0.314376 0.562702 0.092607 0.161168
0 0.388461 0.547105 0.053614 0.077985
0 0.422092 0.540174 0.013647 0.053723
0 0.437201 0.539307 0.012673 0.038126
0 0.448412 0.531509 0.011698 0.029461
0 0.646785 0.567035 0.129649 0.152503
0 0.579523 0.554037 0.041917 0.102247
0 0.552229 0.550571 0.028269 0.081451
0 0.534195 0.539307 0.035093 0.045058
0 0.510799 0.536708 0.013647 0.029461
0 0.499589 0.528909 0.010723 0.013864
0 0.489354 0.528043 0.011698 0.015597
