0 0.420653 0.351952 0.010520 0.023804
0 0.412046 0.358753 0.008608 0.023804
0 0.399613 0.368955 0.014346 0.023804
0 0.384310 0.370655 0.010520 0.030605
0 0.372834 0.374056 0.012433 0.030605
0 0.361357 0.376606 0.018171 0.035705
0 0.348924 0.379156 0.020084 0.040806
0 0.434840 0.357053 0.015302 0.020403
0 0.448707 0.369805 0.035387 0.045907
0 0.526175 0.381707 0.021997 0.059509
0 0.180758 0.427897 0.059296 0.129219
0 0.317203 0.383407 0.042081 0.059509
0 0.488079 0.398709 0.066947 0.107116
0 0.621336 0.413728 0.112854 0.126952
0 0.826323 0.493923 0.266833 0.329849
