0 0.012185 0.621278 0.024370 0.178498
1 0.587322 0.468774 0.082859 0.112644
0 0.352393 0.445379 0.071161 0.097048
0 0.377738 0.415918 0.043866 0.083184
0 0.397234 0.397722 0.024370 0.053723
0 0.409419 0.382991 0.021446 0.045058
0 0.418680 0.367394 0.024370 0.034660
0 0.428428 0.356996 0.026320 0.027728
0 0.553203 0.428915 0.028269 0.057189
0 0.540531 0.406387 0.024370 0.043325
0 0.531758 0.389923 0.024370 0.038126
0 0.520060 0.369127 0.022421 0.031194
0 0.513724 0.355263 0.013647 0.034660
0 0.444512 0.345732 0.025345 0.036393
0 0.459622 0.329268 0.012673 0.027728
0 0.466446 0.308473 0.014622 0.013864
0 0.470345 0.287677 0.020471 0.017330
0 0.508850 0.332734 0.015597 0.020796
0 0.504463 0.317137 0.012673 0.010398
