0 0.563539 0.528675 0.016398 0.033638
0 0.574892 0.525311 0.013876 0.026910
0 0.483124 0.517462 0.013876 0.015698
0 0.477447 0.525311 0.017660 0.031395
0 0.469879 0.527554 0.012614 0.031395
0 0.451588 0.528675 0.034058 0.038123
0 0.398356 0.535963 0.032797 0.058306
0 0.368965 0.537084 0.051718 0.069518
0 0.326077 0.540448 0.049195 0.094186
0 0.261114 0.552782 0.113528 0.114369
0 0.619609 0.544933 0.035320 0.062791
0 0.650514 0.555025 0.056764 0.078488
0 0.588767 0.534281 0.030274 0.035880
0 0.731413 0.584177 0.150109 0.150249
0 0.522228 0.562500 0.093345 0.127824
0 0.899812 0.706769 0.196781 0.401412
0 0.048450 0.596068 0.096900 0.162959
