0 0.032288 0.492165 0.064577 0.108425
0 0.433502 0.445394 0.017938 0.019134
0 0.402409 0.444331 0.017938 0.017008
0 0.414368 0.441142 0.010763 0.014882
0 0.471769 0.437953 0.015546 0.025512
0 0.483130 0.440079 0.021526 0.029764
0 0.359956 0.451772 0.019134 0.019134
0 0.339028 0.452835 0.020330 0.021260
0 0.318100 0.454961 0.019134 0.025512
0 0.298369 0.460276 0.027505 0.027638
0 0.270864 0.463465 0.027505 0.029764
0 0.226617 0.469843 0.056206 0.051024
0 0.496285 0.447520 0.031093 0.027638
0 0.644572 0.463465 0.129154 0.161575
0 0.572222 0.461339 0.056206 0.085039
0 0.887333 0.550630 0.221235 0.401811
