0 0.477100 0.571093 0.027895 0.034898
0 0.453337 0.572930 0.019630 0.038571
0 0.428541 0.580277 0.023763 0.042245
0 0.398580 0.576603 0.048559 0.093673
0 0.375850 0.594971 0.058890 0.119388
0 0.338656 0.594052 0.067156 0.146939
0 0.301462 0.614256 0.071288 0.202041
0 0.510161 0.570175 0.025829 0.047755
0 0.512227 0.580277 0.015497 0.031224
0 0.528242 0.582114 0.022730 0.038571
0 0.564402 0.573848 0.061990 0.091837
0 0.601670 0.604154 0.066270 0.112041
0 0.642554 0.618848 0.071288 0.126735
0 0.758784 0.639052 0.200434 0.247959
0 0.879392 0.689439 0.241216 0.304652
0 0.145676 0.506939 0.290319 0.720000
