0 0.107981 0.754004 0.214403 0.338193
0 0.228436 0.714502 0.130980 0.176027
0 0.302892 0.702720 0.047558 0.105339
0 0.336807 0.684009 0.035864 0.084548
0 0.359027 0.677772 0.021050 0.058214
0 0.370332 0.669456 0.023389 0.058214
0 0.381636 0.663218 0.024169 0.037423
0 0.398789 0.663911 0.014813 0.024949
0 0.629954 0.688860 0.077965 0.124743
0 0.597208 0.664604 0.068609 0.117813
0 0.567972 0.646586 0.069388 0.095637
0 0.527040 0.654902 0.018711 0.054055
0 0.514566 0.650051 0.014034 0.044353
0 0.509109 0.650051 0.014034 0.047125
0 0.495855 0.650051 0.015593 0.041581
0 0.487668 0.643814 0.016373 0.034651
0 0.478313 0.646586 0.010135 0.029107
0 0.409314 0.650051 0.015593 0.036037
0 0.422178 0.645200 0.014813 0.037423
0 0.453364 0.637577 0.013254 0.019405
0 0.721562 0.711730 0.169183 0.200975
