0 0.381735 0.464527 0.067066 0.076421
0 0.439740 0.460902 0.042678 0.048217
0 0.465581 0.449636 0.028489 0.046640
0 0.485210 0.455584 0.017151 0.034745
0 0.496777 0.456213 0.018746 0.032067
0 0.509939 0.451999 0.014758 0.030570
0 0.711403 0.463352 0.086030 0.108598
0 0.980038 0.540965 0.039924 0.121699
0 0.920630 0.496120 0.158741 0.153472
0 0.827124 0.481772 0.082859 0.110911
0 0.782458 0.468779 0.055913 0.081442
0 0.642886 0.433248 0.016572 0.020796
0 0.577346 0.443529 0.026723 0.026236
0 0.755945 0.439370 0.022398 0.024435
0 0.613642 0.451329 0.002792 0.004964
