0 0.031529 0.468469 0.063057 0.067929
0 0.069515 0.465967 0.034188 0.054025
0 0.094243 0.460401 0.034115 0.047599
0 0.158783 0.446383 0.034188 0.048623
0 0.220280 0.445758 0.028787 0.037717
0 0.179837 0.448245 0.007274 0.023287
0 0.190793 0.448227 0.008915 0.026024
0 0.197640 0.446304 0.010135 0.019405
0 0.568996 0.425562 0.035439 0.037919
0 0.595262 0.422034 0.016378 0.026307
0 0.608599 0.418356 0.016202 0.028174
0 0.633107 0.414157 0.031255 0.032728
0 0.747290 0.419969 0.016373 0.055441
0 0.689596 0.414425 0.031965 0.024949
0 0.714155 0.408188 0.014034 0.012474
0 0.739884 0.406109 0.021830 0.016632
