0 0.406792 0.525743 0.010050 0.021900
0 0.395627 0.527683 0.008097 0.021519
0 0.374437 0.532452 0.026851 0.035317
0 0.352095 0.533192 0.015094 0.037335
0 0.336438 0.536636 0.025173 0.045817
0 0.284990 0.552443 0.091551 0.103838
0 0.430835 0.532907 0.012586 0.019179
0 0.459215 0.524097 0.012835 0.026144
0 0.472615 0.532300 0.017903 0.028620
0 0.491883 0.543693 0.026251 0.050169
0 0.532923 0.538516 0.071097 0.115639
0 0.203018 0.566787 0.081833 0.086818
0 0.913447 0.575908 0.173106 0.141713
0 0.446874 0.506117 0.005993 0.010655
