0 0.406054 0.397968 0.018457 0.018750
0 0.384068 0.402639 0.028652 0.026681
0 0.472632 0.389765 0.014502 0.016406
0 0.484078 0.395057 0.015340 0.026990
0 0.496362 0.401484 0.017139 0.025781
0 0.514160 0.412031 0.015820 0.037500
0 0.534543 0.407593 0.048327 0.072972
0 0.345410 0.387500 0.031641 0.051562
0 0.322998 0.401562 0.050098 0.060937
0 0.270825 0.419794 0.072314 0.090098
0 0.566416 0.410625 0.048779 0.098437
0 0.607285 0.431718 0.093603 0.140625
0 0.700795 0.454223 0.161970 0.190321
0 0.885459 0.492656 0.228076 0.234375
0 0.217710 0.420000 0.050098 0.079687
0 0.140821 0.437741 0.105639 0.133268
