0 0.466880 0.499218 0.010547 0.023437
0 0.453697 0.500390 0.010547 0.016406
0 0.437876 0.502734 0.010547 0.016406
0 0.423374 0.505078 0.010547 0.016406
0 0.400303 0.535547 0.017139 0.035156
0 0.377232 0.558046 0.042187 0.075469
0 0.325157 0.617578 0.085693 0.110156
0 0.192002 0.707812 0.220166 0.210937
0 0.493907 0.517968 0.017139 0.028125
0 0.480723 0.506250 0.011865 0.028125
0 0.513682 0.525000 0.022412 0.051562
0 0.531480 0.566015 0.039551 0.072656
0 0.609263 0.624609 0.105469 0.128906
0 0.822178 0.733828 0.320361 0.291094
0 0.041710 0.609843 0.083057 0.196875
