0 0.445786 0.758671 0.021094 0.025781
0 0.489951 0.750468 0.011865 0.018750
0 0.270445 0.778593 0.021094 0.042187
0 0.292198 0.776249 0.030322 0.032812
0 0.317906 0.765703 0.036914 0.035156
0 0.350205 0.764531 0.025049 0.037500
0 0.567075 0.748124 0.010547 0.018750
0 0.575645 0.750468 0.014502 0.018750
0 0.180137 0.785624 0.025049 0.060937
0 0.224961 0.775078 0.075146 0.086719
0 0.068736 0.802031 0.092285 0.075000
0 0.553892 0.753984 0.013184 0.021094
0 0.526865 0.750468 0.019775 0.028125
0 0.504453 0.751272 0.027686 0.034421
0 0.468858 0.763359 0.035596 0.049219
0 0.589488 0.750468 0.023730 0.023437
0 0.634312 0.744609 0.029004 0.039844
0 0.725938 0.750468 0.043506 0.046875
0 0.880186 0.759843 0.141064 0.126562
0 0.387697 0.764217 0.037189 0.034123
