0 0.571561 0.423630 0.017564 0.027551
0 0.515770 0.437405 0.040293 0.062449
0 0.489941 0.419956 0.011365 0.016531
0 0.469794 0.419956 0.024796 0.027551
0 0.423302 0.417201 0.028929 0.036735
0 0.401089 0.420875 0.015497 0.029388
0 0.383525 0.416283 0.023763 0.027551
0 0.364411 0.413528 0.014464 0.025714
0 0.333047 0.414446 0.029962 0.031224
0 0.299470 0.411691 0.020663 0.033061
0 0.615101 0.434650 0.023763 0.031224
0 0.636797 0.450262 0.034094 0.044082
0 0.777308 0.470729 0.058890 0.080816
0 0.541746 0.454198 0.060957 0.088163
0 0.700213 0.477551 0.111582 0.139592
