0 0.094744 0.542094 0.187711 0.414607
0 0.211352 0.515549 0.147893 0.189607
0 0.293120 0.472572 0.098121 0.139045
0 0.341470 0.464988 0.041239 0.098595
0 0.362800 0.462460 0.032707 0.088483
0 0.389819 0.457403 0.021331 0.048034
0 0.406173 0.458667 0.017065 0.040449
0 0.420393 0.448555 0.017065 0.030337
0 0.432481 0.448555 0.012798 0.025281
0 0.524914 0.458667 0.041239 0.080899
0 0.500028 0.456139 0.022753 0.050562
0 0.481542 0.452347 0.017065 0.042978
0 0.468743 0.452347 0.017065 0.037921
0 0.581085 0.473836 0.079635 0.121348
