0 0.495225 0.479765 0.014502 0.035156
0 0.482700 0.477422 0.021094 0.049219
0 0.477427 0.485625 0.023730 0.051562
0 0.459629 0.486797 0.048779 0.067969
0 0.445786 0.507890 0.052734 0.072656
0 0.522712 0.479932 0.016741 0.026116
0 0.546393 0.478220 0.009321 0.029540
0 0.558056 0.474975 0.019460 0.039638
0 0.570936 0.484261 0.021892 0.042703
0 0.587872 0.490481 0.027364 0.044688
0 0.599995 0.494804 0.031562 0.061329
0 0.638633 0.504179 0.046729 0.080079
0 0.669248 0.513750 0.051416 0.131250
0 0.742417 0.497343 0.150293 0.196875
0 0.388678 0.529790 0.094083 0.121144
0 0.168841 0.637968 0.337681 0.510937
0 0.880845 0.554765 0.237305 0.382031
0 0.963901 0.712968 0.071191 0.220312
0 0.436480 0.517333 0.026879 0.081143
0 0.616283 0.497047 0.033472 0.069423
0 0.536661 0.482622 0.016229 0.029753
