0 0.007798 0.446592 0.011698 0.088383
0 0.064337 0.424930 0.120876 0.097048
0 0.247114 0.395469 0.053614 0.065854
0 0.295367 0.379872 0.037043 0.069320
0 0.321199 0.369474 0.024370 0.065854
0 0.348494 0.361675 0.022421 0.053723
0 0.399184 0.354743 0.038018 0.036393
0 0.524447 0.351277 0.015597 0.029461
0 0.505925 0.351277 0.025345 0.029461
0 0.472782 0.364275 0.048740 0.048524
0 0.363116 0.394602 0.098456 0.116110
0 0.561489 0.348678 0.019496 0.020796
0 0.604381 0.363408 0.019496 0.025995
0 0.590734 0.349544 0.015597 0.022529
0 0.176928 0.399801 0.096506 0.095315
