0 0.498077 0.523686 0.023818 0.029889
0 0.512788 0.522440 0.011208 0.022417
0 0.516992 0.523686 0.011208 0.024908
0 0.521895 0.523686 0.009807 0.024908
0 0.532403 0.526176 0.025219 0.029889
0 0.540810 0.526176 0.014011 0.039852
0 0.547114 0.531158 0.015412 0.034871
0 0.481265 0.523686 0.015412 0.019926
0 0.470757 0.527422 0.011208 0.017435
0 0.462350 0.523686 0.011208 0.024908
0 0.454644 0.522440 0.012610 0.027399
0 0.446238 0.524931 0.009807 0.032380
0 0.439233 0.523686 0.015412 0.034871
0 0.423121 0.523686 0.033625 0.044834
0 0.402105 0.527422 0.016813 0.052306
0 0.395099 0.528667 0.011208 0.049816
0 0.375484 0.526176 0.050438 0.079705
0 0.363575 0.533649 0.029422 0.069742
0 0.347463 0.542366 0.030823 0.082196
0 0.322244 0.539876 0.056042 0.097140
0 0.308934 0.547348 0.046235 0.082196
0 0.243785 0.542366 0.126096 0.161900
0 0.103258 0.534520 0.206516 0.662546
0 0.564628 0.535517 0.028021 0.064760
0 0.585644 0.539253 0.042032 0.087177
0 0.612264 0.555443 0.058845 0.099631
0 0.686520 0.572878 0.142908 0.154428
0 0.875523 0.651587 0.247988 0.473247
