0 0.547850 0.421208 0.016795 0.019194
0 0.444680 0.426540 0.019194 0.025592
0 0.427286 0.428673 0.017995 0.038389
0 0.359041 0.444710 0.035971 0.043914
0 0.225373 0.472159 0.058038 0.082708
0 0.598235 0.419076 0.016795 0.023460
0 0.615630 0.411611 0.015595 0.038389
0 0.626426 0.413744 0.020394 0.038389
0 0.647238 0.420721 0.033226 0.045045
0 0.690607 0.425474 0.052784 0.074644
0 0.768507 0.439121 0.115012 0.101939
0 0.918482 0.429739 0.163036 0.215403
0 0.273142 0.459459 0.053716 0.072072
0 0.384122 0.438739 0.026351 0.037838
0 0.405405 0.433333 0.026351 0.034234
