0 0.026320 0.551091 0.052640 0.152503
0 0.085296 0.507767 0.170591 0.183697
0 0.188138 0.515565 0.074085 0.112644
0 0.235903 0.496502 0.062388 0.098781
0 0.276358 0.497369 0.051665 0.062388
0 0.314863 0.485238 0.046791 0.062388
0 0.341670 0.484371 0.022421 0.050257
0 0.360191 0.485238 0.016572 0.038126
0 0.372864 0.485238 0.012673 0.034660
0 0.385537 0.482638 0.016572 0.029461
0 0.398209 0.479172 0.008773 0.032927
0 0.406982 0.479172 0.012673 0.022529
0 0.419167 0.478306 0.011698 0.020796
0 0.430865 0.476573 0.009748 0.017330
0 0.939715 0.524230 0.118927 0.168100
0 0.796418 0.516432 0.189113 0.142105
0 0.637524 0.504301 0.126725 0.100514
0 0.486917 0.477439 0.024370 0.043325
0 0.447437 0.454910 0.013647 0.015597
