0 0.564820 0.490722 0.023196 0.030928
0 0.576418 0.490722 0.020876 0.030928
0 0.592655 0.491753 0.016237 0.032990
0 0.620777 0.489189 0.035473 0.055856
0 0.652384 0.495876 0.028995 0.074227
0 0.687758 0.502062 0.044072 0.086598
0 0.737629 0.504124 0.075387 0.107217
0 0.815316 0.521953 0.132881 0.130868
0 0.930236 0.536691 0.138177 0.238330
0 0.461598 0.489691 0.013918 0.028866
0 0.450580 0.494845 0.017397 0.026804
0 0.433763 0.490722 0.020876 0.035052
0 0.411727 0.494845 0.025515 0.035052
0 0.392010 0.497938 0.018557 0.045361
0 0.029598 0.586534 0.057990 0.127835
0 0.541044 0.487629 0.017397 0.024742
0 0.500451 0.488660 0.012758 0.022680
0 0.514949 0.483505 0.011598 0.020619
0 0.475327 0.485422 0.015302 0.018703
0 0.124662 0.530631 0.158108 0.124324
0 0.227534 0.520721 0.086149 0.090090
0 0.280743 0.515315 0.040541 0.072072
0 0.314189 0.503604 0.036486 0.059459
0 0.343074 0.500901 0.027365 0.054054
0 0.368919 0.500901 0.028378 0.046847
