0 0.495411 0.433564 0.019128 0.017003
0 0.477718 0.436965 0.012433 0.017003
0 0.548491 0.445466 0.018171 0.030605
0 0.591050 0.444616 0.017215 0.022103
0 0.608744 0.448867 0.025823 0.030605
0 0.634088 0.461619 0.038256 0.042506
0 0.409814 0.444616 0.018171 0.022103
0 0.385904 0.451417 0.029648 0.032305
0 0.345258 0.456518 0.019128 0.032305
0 0.326130 0.453117 0.024866 0.039106
0 0.296482 0.457368 0.042081 0.051008
0 0.256313 0.461619 0.038256 0.052708
0 0.197635 0.465766 0.079054 0.063063
0 0.070710 0.471669 0.091688 0.083690
0 0.946637 0.500001 0.103290 0.073877
0 0.975507 0.459459 0.047635 0.043243
0 0.987162 0.516216 0.024324 0.066667
