0 0.210765 0.455969 0.016531 0.022041
0 0.195784 0.450459 0.017564 0.025714
0 0.164644 0.468689 0.027604 0.037266
0 0.134311 0.476746 0.035128 0.049819
0 0.104652 0.486742 0.050841 0.066137
0 0.252092 0.463775 0.016531 0.027551
0 0.235151 0.462928 0.018812 0.025856
0 0.308916 0.465612 0.018597 0.034898
0 0.281537 0.458265 0.019630 0.023878
0 0.265006 0.462857 0.015497 0.029388
0 0.276888 0.479388 0.037194 0.051429
0 0.340944 0.453673 0.033061 0.018367
0 0.380204 0.480306 0.030995 0.053265
0 0.416365 0.481224 0.051658 0.062449
0 0.466469 0.498867 0.056832 0.060999
0 0.529426 0.505000 0.096748 0.096509
0 0.613005 0.523633 0.119860 0.105109
0 0.725439 0.547930 0.189932 0.140601
0 0.056903 0.546136 0.113805 0.224089
0 0.340891 0.504288 0.079301 0.101754
