0 0.356027 0.821375 0.021414 0.030748
0 0.374970 0.821375 0.013178 0.019035
0 0.386089 0.818446 0.007413 0.019035
0 0.398443 0.814054 0.017296 0.030748
0 0.405032 0.825035 0.009060 0.038069
0 0.428094 0.828696 0.033768 0.045390
0 0.456508 0.819911 0.029650 0.057104
0 0.480805 0.817714 0.053535 0.079067
0 0.518691 0.819178 0.055182 0.096638
0 0.599269 0.830867 0.163625 0.158085
0 0.742059 0.867751 0.208449 0.174407
0 0.238316 0.838637 0.056163 0.056163
0 0.151550 0.870176 0.083075 0.104006
0 0.087773 0.877398 0.098286 0.120647
0 0.026858 0.896730 0.053716 0.164631
0 0.883256 0.880865 0.232136 0.233803
0 0.190034 0.837838 0.053716 0.075676
