0 0.278033 0.560509 0.032119 0.038066
0 0.246297 0.565268 0.029824 0.036707
0 0.215708 0.565268 0.034413 0.044864
0 0.181295 0.568666 0.045119 0.048943
0 0.130568 0.572900 0.053531 0.046224
0 0.078184 0.570181 0.045119 0.029909
0 0.025035 0.564471 0.047413 0.046767
0 0.309205 0.559214 0.022942 0.032628
0 0.330235 0.560347 0.019118 0.024018
0 0.390193 0.557946 0.016059 0.027190
0 0.367834 0.561072 0.020648 0.022568
0 0.443925 0.557402 0.015295 0.016314
0 0.432836 0.556042 0.006883 0.019033
0 0.425189 0.556042 0.008412 0.021752
0 0.415290 0.557501 0.014530 0.025831
0 0.501550 0.634668 0.139945 0.210725
