0 0.404917 0.572343 0.010547 0.028125
0 0.397007 0.577031 0.010547 0.037500
0 0.383824 0.577031 0.018457 0.037500
0 0.367344 0.581718 0.019775 0.046875
0 0.350865 0.573515 0.029004 0.058594
0 0.333067 0.568828 0.027686 0.091406
0 0.473472 0.581718 0.013184 0.028125
0 0.482700 0.584062 0.021094 0.042187
0 0.493907 0.587578 0.019775 0.049219
0 0.511704 0.587578 0.036914 0.077344
0 0.532798 0.591093 0.047461 0.084375
0 0.549278 0.602812 0.038232 0.079687
0 0.574326 0.612187 0.048779 0.098437
0 0.636948 0.623906 0.134473 0.150000
0 0.737803 0.669609 0.185889 0.199219
0 0.442491 0.579375 0.017139 0.023437
0 0.288514 0.569886 0.079877 0.135710
0 0.897324 0.648515 0.204346 0.353906
