0 0.026391 0.569529 0.052783 0.094013
0 0.900652 0.543678 0.196122 0.130662
0 0.074906 0.561260 0.051422 0.068032
0 0.121545 0.559134 0.065773 0.063780
0 0.177070 0.544465 0.040824 0.051449
0 0.208245 0.538937 0.033484 0.048898
0 0.238142 0.535748 0.031093 0.042520
0 0.260863 0.532559 0.026309 0.036142
0 0.278203 0.533622 0.025113 0.029764
0 0.293152 0.536811 0.011959 0.031890
0 0.797807 0.517209 0.028701 0.039456
0 0.724101 0.510254 0.037392 0.042555
0 0.351346 0.532559 0.016742 0.019134
0 0.363902 0.533622 0.010763 0.017008
0 0.374067 0.533622 0.014350 0.017008
0 0.389613 0.531496 0.014350 0.017008
0 0.441633 0.531496 0.010763 0.017008
2 0.461655 0.518396 0.027365 0.060216
0 0.477270 0.531496 0.038029 0.068032
0 0.418553 0.536811 0.040659 0.061654
0 0.620535 0.524902 0.072948 0.042088
0 0.326591 0.543189 0.039464 0.048898
0 0.027365 0.563063 0.054730 0.073874
