0 0.404058 0.423716 0.008773 0.022529
0 0.415756 0.422850 0.008773 0.020796
0 0.396259 0.427182 0.010723 0.029461
0 0.387486 0.429782 0.012673 0.034660
0 0.377251 0.441327 0.017547 0.054283
0 0.359027 0.442400 0.027891 0.073759
0 0.343132 0.452241 0.031194 0.086509
0 0.298779 0.459243 0.088708 0.114377
0 0.162974 0.491496 0.217296 0.249441
0 0.455723 0.426316 0.010723 0.027728
0 0.465958 0.432381 0.019496 0.036393
0 0.476681 0.436714 0.013647 0.038126
0 0.490816 0.438447 0.018521 0.051990
0 0.515673 0.449711 0.046791 0.071053
0 0.612102 0.443982 0.164310 0.232756
0 0.774485 0.537227 0.307064 0.291143
0 0.077010 0.556290 0.154020 0.329268
0 0.935401 0.623992 0.127846 0.419155
0 0.435240 0.424687 0.015820 0.023437
