0 0.253450 0.424583 0.019496 0.031194
0 0.230055 0.430648 0.029244 0.032927
0 0.185885 0.435261 0.049851 0.059207
0 0.145734 0.442779 0.032169 0.032927
0 0.121364 0.447112 0.030219 0.038126
0 0.087733 0.447112 0.042892 0.048524
0 0.039480 0.456643 0.077010 0.074519
0 0.449874 0.416785 0.008773 0.025995
0 0.460597 0.415918 0.008773 0.034660
0 0.475267 0.427119 0.024466 0.046663
0 0.494595 0.430631 0.020270 0.050450
0 0.517905 0.431532 0.034459 0.073874
0 0.537162 0.439640 0.030405 0.086486
0 0.577574 0.444512 0.096506 0.133440
0 0.657508 0.466175 0.145246 0.155969
0 0.409419 0.415918 0.011698 0.027728
0 0.363116 0.411586 0.028269 0.039859
0 0.430865 0.419384 0.031194 0.051990
0 0.388461 0.424583 0.034118 0.051990
0 0.312426 0.421983 0.067262 0.119576
