0 0.543966 0.587510 0.024638 0.037543
0 0.511409 0.588293 0.022878 0.026593
0 0.485891 0.588293 0.021118 0.029722
0 0.465213 0.582817 0.009679 0.015643
0 0.474452 0.589075 0.012319 0.028158
0 0.455094 0.589857 0.019358 0.035979
0 0.439695 0.582035 0.018478 0.039108
0 0.432216 0.586728 0.026398 0.039108
0 0.639497 0.595332 0.052033 0.053187
0 0.692234 0.579689 0.030797 0.031286
0 0.713352 0.582817 0.016719 0.025029
0 0.735790 0.583600 0.029917 0.032851
0 0.805304 0.603936 0.128469 0.114195
0 0.355600 0.585946 0.034317 0.021900
0 0.064922 0.630936 0.129845 0.110253
