0 0.383452 0.423142 0.048123 0.056612
0 0.425852 0.419732 0.037284 0.042990
0 0.458521 0.416157 0.031880 0.034005
0 0.486257 0.413323 0.021041 0.030605
0 0.507798 0.407656 0.020403 0.021537
0 0.612728 0.403122 0.022953 0.035139
0 0.627712 0.422958 0.032517 0.065743
0 0.653853 0.434860 0.046544 0.080479
0 0.694021 0.435426 0.068223 0.113350
0 0.748672 0.455412 0.103928 0.141987
0 0.857139 0.490405 0.187453 0.218508
0 0.334579 0.447565 0.068327 0.077413
0 0.565865 0.452267 0.096277 0.138287
0 0.090645 0.493737 0.180439 0.207236
0 0.964893 0.592254 0.063759 0.193829
