1 0.957202 0.610594 0.081669 0.178302
0 0.875272 0.640545 0.076460 0.054514
0 0.780397 0.626479 0.023213 0.028132
0 0.736396 0.619509 0.032639 0.043302
0 0.708127 0.614050 0.023899 0.022925
0 0.611185 0.612777 0.037252 0.030566
0 0.561037 0.612413 0.040118 0.071321
1 0.525218 0.597130 0.042984 0.076415
0 0.487965 0.608046 0.037252 0.056038
0 0.447131 0.602952 0.027223 0.040755
0 0.419192 0.606773 0.022925 0.028019
0 0.334913 0.602952 0.047913 0.050943
0 0.276630 0.600405 0.047282 0.045849
0 0.206799 0.613019 0.048715 0.040755
0 0.119904 0.603066 0.120025 0.095400
