0 0.351770 0.571511 0.023758 0.057879
0 0.280936 0.586372 0.033437 0.059444
0 0.087353 0.601363 0.100311 0.115843
0 0.030904 0.612419 0.061808 0.158467
0 0.225544 0.595758 0.087906 0.112630
0 0.388332 0.576204 0.047426 0.079780
0 0.417324 0.590283 0.021118 0.039108
0 0.446802 0.580897 0.029038 0.042236
0 0.469240 0.587936 0.033437 0.050058
0 0.493438 0.584026 0.034317 0.051622
0 0.565375 0.592629 0.114033 0.159560
0 0.675155 0.617658 0.195368 0.215875
0 0.867846 0.649915 0.262218 0.383305
0 0.316243 0.574357 0.019521 0.020823
0 0.329908 0.577827 0.015617 0.020823
