0 0.423175 0.491529 0.040726 0.049805
0 0.567746 0.491810 0.037859 0.058203
0 0.691602 0.488917 0.104601 0.142532
0 0.543546 0.484303 0.016391 0.036257
0 0.528273 0.489213 0.015452 0.028747
0 0.225042 0.515377 0.051616 0.048322
0 0.262383 0.511233 0.044521 0.051990
0 0.290739 0.506475 0.026638 0.045046
0 0.471355 0.479332 0.029236 0.036961
0 0.495134 0.480487 0.019360 0.027720
0 0.508712 0.477599 0.016892 0.031185
0 0.862609 0.541560 0.247409 0.258216
0 0.164317 0.526406 0.056689 0.046875
0 0.641900 0.497234 0.018192 0.056596
