0 0.521458 0.548104 0.011996 0.025592
0 0.531055 0.550237 0.011996 0.034123
0 0.546050 0.551303 0.025193 0.036256
0 0.575140 0.554502 0.023389 0.051185
0 0.642622 0.542772 0.045586 0.040521
0 0.682210 0.533175 0.050385 0.051185
0 0.720599 0.537440 0.055184 0.059716
0 0.816570 0.528910 0.079176 0.068246
0 0.884350 0.526777 0.073178 0.089573
0 0.947323 0.522512 0.105353 0.106635
0 0.435338 0.564692 0.019194 0.041064
0 0.410108 0.585355 0.034025 0.053175
0 0.126004 0.624497 0.195884 0.189388
0 0.358347 0.598648 0.080256 0.103766
0 0.459118 0.573157 0.039755 0.068951
0 0.596582 0.548492 0.035093 0.046791
