0 0.368996 0.488487 0.024979 0.042632
0 0.344516 0.496480 0.031974 0.065724
0 0.308046 0.497368 0.062948 0.117237
0 0.276073 0.513355 0.094922 0.138553
0 0.186147 0.524901 0.164864 0.271776
0 0.082332 0.565757 0.164664 0.442303
0 0.474410 0.490263 0.019984 0.039079
0 0.500080 0.505358 0.049343 0.074831
0 0.523453 0.529327 0.044130 0.088845
0 0.558823 0.543397 0.078901 0.120479
0 0.636776 0.576619 0.142882 0.175446
0 0.796644 0.645691 0.294757 0.303750
0 0.431944 0.528454 0.096920 0.147434
0 0.959011 0.656349 0.081933 0.335724
