0 0.417276 0.512842 0.021888 0.029932
0 0.380480 0.501310 0.026912 0.037442
0 0.354153 0.500270 0.035102 0.043683
0 0.334262 0.503390 0.037442 0.049923
0 0.305010 0.506510 0.049143 0.052003
0 0.272834 0.512751 0.066694 0.052003
0 0.229541 0.512751 0.069034 0.085285
0 0.188003 0.517951 0.100626 0.091525
0 0.158752 0.528352 0.100626 0.083205
0 0.104928 0.541872 0.131048 0.093606
0 0.024571 0.563714 0.049143 0.128968
0 0.487560 0.506408 0.021025 0.026836
0 0.529664 0.500270 0.021061 0.043683
0 0.556576 0.497150 0.056163 0.104006
0 0.619174 0.492990 0.106476 0.145609
0 0.679433 0.528806 0.166150 0.153653
0 0.870154 0.575154 0.255075 0.301618
