0 0.474973 0.673438 0.009965 0.017686
0 0.463886 0.674050 0.013533 0.016461
0 0.502752 0.669800 0.014041 0.016641
0 0.560086 0.680201 0.021061 0.045763
0 0.572709 0.682365 0.019684 0.042438
0 0.595091 0.685300 0.041928 0.064687
0 0.633336 0.691989 0.057575 0.072110
0 0.675646 0.709926 0.086031 0.088573
0 0.786494 0.736364 0.139238 0.124807
0 0.526739 0.694762 0.043293 0.062404
0 0.128915 0.725964 0.036272 0.037442
0 0.101418 0.724923 0.035102 0.043683
0 0.080357 0.733244 0.032762 0.039522
0 0.055200 0.730124 0.043293 0.054083
0 0.019702 0.732204 0.039405 0.066564
0 0.232356 0.704958 0.034882 0.037850
