0 0.536144 0.514699 0.021446 0.065854
0 0.304140 0.544159 0.033143 0.031194
0 0.277556 0.559367 0.020847 0.029304
0 0.258890 0.558505 0.021332 0.041371
0 0.198864 0.563491 0.035087 0.030657
0 0.235328 0.564251 0.040142 0.047116
0 0.154507 0.590950 0.030219 0.051990
0 0.034930 0.632691 0.052313 0.079420
0 0.098456 0.631675 0.124775 0.140372
0 0.359752 0.534118 0.025250 0.037414
0 0.428771 0.523733 0.019785 0.026988
0 0.459603 0.514549 0.021332 0.037923
0 0.500570 0.507654 0.027634 0.041371
0 0.978554 0.437239 0.042892 0.152503
0 0.574649 0.513832 0.073111 0.088383
0 0.007798 0.643806 0.015597 0.095315
0 0.484571 0.516273 0.009211 0.025857
