0 0.499822 0.618633 0.031864 0.032261
0 0.465652 0.628359 0.048481 0.045147
0 0.409906 0.644476 0.042339 0.053417
0 0.374395 0.644476 0.050534 0.053417
0 0.342299 0.650547 0.057363 0.055845
0 0.289612 0.661193 0.097181 0.076339
0 0.202006 0.673096 0.090037 0.090293
0 0.548715 0.600319 0.013294 0.025184
0 0.536924 0.603199 0.017755 0.024281
0 0.526352 0.608476 0.015733 0.023439
0 0.716524 0.626266 0.030047 0.050989
0 0.755472 0.631560 0.047848 0.064682
0 0.804329 0.641493 0.062795 0.079622
0 0.872203 0.641903 0.116355 0.119844
