0 0.118232 0.320119 0.105277 0.077370
0 0.342954 0.322295 0.037843 0.047093
0 0.387042 0.317932 0.036424 0.060670
0 0.431910 0.337500 0.055502 0.074003
0 0.647739 0.325166 0.061810 0.035880
0 0.616834 0.322923 0.017660 0.022425
0 0.679905 0.331893 0.045411 0.031395
0 0.700718 0.335302 0.044150 0.038033
0 0.746508 0.336378 0.055502 0.040365
0 0.804157 0.357519 0.084007 0.069191
0 0.892076 0.371138 0.108482 0.087458
1 0.443109 0.298908 0.037646 0.070457
0 0.290617 0.345963 0.110024 0.110898
0 0.514028 0.389078 0.124881 0.195100
0 0.041042 0.407898 0.082085 0.174434
0 0.963977 0.389078 0.070639 0.105399
