0 0.493551 0.640225 0.019134 0.029764
0 0.515595 0.646516 0.028583 0.042215
0 0.550555 0.653161 0.030782 0.038306
0 0.469036 0.633847 0.010763 0.017008
0 0.455881 0.628532 0.015546 0.019134
0 0.440933 0.626406 0.011959 0.019134
0 0.428474 0.635477 0.018134 0.033023
0 0.412232 0.638099 0.016742 0.029764
0 0.409243 0.655107 0.025113 0.051024
0 0.398480 0.661485 0.022721 0.063780
0 0.373367 0.671052 0.056206 0.091417
0 0.357222 0.693375 0.076535 0.110551
0 0.464850 0.690186 0.083711 0.104173
0 0.609561 0.691582 0.035897 0.058862
0 0.799754 0.780236 0.395832 0.425197
