0 0.379477 0.444177 0.018949 0.024954
0 0.448958 0.426086 0.013335 0.013725
0 0.624484 0.438563 0.011229 0.018715
0 0.631502 0.441682 0.012633 0.019963
0 0.551494 0.403004 0.005615 0.012477
0 0.556407 0.406123 0.007018 0.011229
0 0.563425 0.407994 0.011229 0.014972
0 0.501314 0.385536 0.006316 0.007486
0 0.396391 0.429829 0.016844 0.016220
0 0.406567 0.424214 0.014738 0.019963
0 0.422709 0.424214 0.020353 0.022458
0 0.305505 0.454783 0.040004 0.043669
0 0.396742 0.446673 0.023160 0.027449
0 0.347263 0.453535 0.046320 0.053651
0 0.320243 0.435444 0.024564 0.022458
0 0.437097 0.431700 0.018247 0.027449
0 0.491488 0.387407 0.007720 0.011229
0 0.496050 0.396765 0.009826 0.009982
0 0.570935 0.424838 0.016142 0.023706
0 0.539002 0.398013 0.011229 0.012477
0 0.641468 0.444801 0.018247 0.021211
0 0.524263 0.396765 0.007018 0.014972
0 0.166613 0.520536 0.223180 0.271996
