0 0.459622 0.502568 0.012673 0.017330
0 0.490816 0.503434 0.018521 0.032927
0 0.497152 0.507767 0.023395 0.024262
0 0.528346 0.512966 0.042892 0.055456
0 0.558077 0.503434 0.026320 0.039859
0 0.568800 0.516432 0.020471 0.069320
0 0.596095 0.496502 0.041917 0.029461
0 0.615591 0.532895 0.084808 0.084917
0 0.687727 0.532028 0.106254 0.114377
0 0.427941 0.502568 0.021446 0.027728
0 0.328998 0.525096 0.065312 0.065854
0 0.282694 0.512099 0.077985 0.084917
0 0.247114 0.522497 0.116002 0.102247
0 0.094556 0.515565 0.189113 0.161168
0 0.791544 0.571021 0.189113 0.157702
0 0.445487 0.503434 0.021446 0.029461
