0 0.276839 0.429408 0.024949 0.064682
0 0.258388 0.417989 0.009876 0.019405
0 0.249032 0.418451 0.015073 0.022177
0 0.346710 0.419243 0.029107 0.059138
0 0.371028 0.411389 0.020271 0.050821
0 0.395717 0.414161 0.035344 0.058214
0 0.416247 0.418319 0.009876 0.020329
0 0.427682 0.419705 0.020271 0.032341
0 0.308025 0.431256 0.062372 0.081314
0 0.196833 0.423401 0.028587 0.032341
0 0.215961 0.429447 0.011749 0.020408
0 0.040178 0.407772 0.066010 0.082238
0 0.110346 0.483542 0.190753 0.180185
0 0.593467 0.406109 0.060293 0.063758
0 0.667429 0.404723 0.031706 0.051745
0 0.701214 0.409343 0.053536 0.064682
0 0.824317 0.569523 0.347722 0.440863
