1 0.416052 0.441733 0.021853 0.041277
0 0.399150 0.428553 0.010926 0.016996
0 0.385492 0.432195 0.010926 0.014568
0 0.378663 0.435837 0.013658 0.021853
0 0.371152 0.443121 0.015024 0.021853
0 0.360908 0.454047 0.016389 0.029137
0 0.340422 0.461331 0.013658 0.033993
0 0.325398 0.458903 0.030047 0.053417
0 0.303545 0.473472 0.040974 0.058273
0 0.509779 0.460117 0.079215 0.138399
0 0.558264 0.479542 0.116092 0.162680
0 0.668892 0.520819 0.195307 0.259802
0 0.845079 0.557240 0.307301 0.662860
0 0.426466 0.454047 0.019121 0.029137
