0 0.075289 0.761023 0.148870 0.184533
0 0.196161 0.761023 0.087410 0.116547
0 0.394882 0.728244 0.045071 0.050989
0 0.424929 0.727030 0.015024 0.038849
0 0.443367 0.722174 0.019121 0.038849
0 0.514388 0.717318 0.013658 0.019424
0 0.534448 0.724993 0.030901 0.038068
0 0.601115 0.733101 0.031413 0.041277
0 0.629114 0.744027 0.030047 0.067986
0 0.664624 0.740385 0.057363 0.094694
0 0.724719 0.762237 0.101068 0.128687
0 0.805300 0.774378 0.136578 0.162680
0 0.907734 0.785998 0.183015 0.359353
0 0.494584 0.719052 0.017755 0.024281
