0 0.048469 0.535196 0.037647 0.039178
0 0.071425 0.539277 0.024792 0.034281
0 0.092544 0.549072 0.030302 0.037545
0 0.133682 0.557274 0.030666 0.027671
0 0.166462 0.549888 0.029383 0.039178
0 0.190795 0.551520 0.028465 0.042443
0 0.221555 0.556417 0.034893 0.039178
0 0.265630 0.551520 0.062440 0.068561
0 0.388214 0.548255 0.078049 0.055502
0 0.588891 0.574063 0.124879 0.117533
0 0.737491 0.586306 0.191910 0.155079
0 0.476561 0.720707 0.357191 0.360762
0 0.014692 0.529716 0.028465 0.057134
0 0.115136 0.554865 0.017446 0.022854
