0 0.449794 0.485535 0.011116 0.015601
0 0.448039 0.496456 0.008776 0.012481
0 0.439849 0.499056 0.007605 0.009361
0 0.423175 0.496976 0.009361 0.007280
0 0.429903 0.524884 0.015796 0.031202
0 0.408257 0.523844 0.026327 0.041602
0 0.398799 0.545512 0.030032 0.044029
0 0.377640 0.538579 0.014626 0.032242
0 0.340490 0.551059 0.081905 0.100886
0 0.462080 0.481895 0.008776 0.008320
0 0.466760 0.489696 0.005265 0.009361
0 0.471733 0.494376 0.008190 0.012481
0 0.476706 0.503737 0.007605 0.024961
0 0.484019 0.512577 0.010531 0.040562
0 0.489284 0.519857 0.012871 0.032242
0 0.513758 0.531298 0.047388 0.069684
0 0.359943 0.488829 0.040952 0.040562
0 0.431902 0.499750 0.008190 0.008320
