0 0.017059 0.618678 0.034118 0.107445
0 0.061413 0.608280 0.066287 0.086650
0 0.105279 0.604814 0.089682 0.079718
0 0.195936 0.594416 0.046791 0.048524
0 0.227618 0.591817 0.014622 0.039859
0 0.250038 0.589217 0.026320 0.034660
0 0.747190 0.582285 0.225181 0.187163
0 0.847595 0.667202 0.301216 0.322336
0 0.542968 0.588351 0.103330 0.136906
0 0.477168 0.586618 0.045816 0.064121
0 0.444512 0.578819 0.029244 0.051990
0 0.426478 0.577086 0.020471 0.034660
0 0.411369 0.577086 0.015597 0.031194
0 0.393335 0.575353 0.018521 0.027728
0 0.354830 0.583152 0.017547 0.025995
0 0.372864 0.584885 0.014622 0.015597
0 0.308527 0.580552 0.039967 0.031194
0 0.275627 0.581419 0.026320 0.038126
