0 0.513236 0.672401 0.057514 0.072786
0 0.124288 0.662003 0.088708 0.083184
0 0.483766 0.661982 0.029766 0.055496
0 0.455051 0.655113 0.040574 0.055540
0 0.434764 0.647272 0.015597 0.043325
0 0.233954 0.649005 0.031194 0.043325
0 0.271484 0.635141 0.022421 0.029461
0 0.414781 0.636874 0.024370 0.046791
0 0.394797 0.631675 0.017547 0.032927
0 0.294879 0.638607 0.016572 0.022529
0 0.309501 0.635141 0.020471 0.025995
0 0.330460 0.634275 0.019496 0.024262
0 0.383587 0.629942 0.014622 0.025995
0 0.364578 0.632542 0.017547 0.020796
0 0.351418 0.630809 0.012673 0.020796
0 0.912696 0.672760 0.173257 0.135561
