0 0.093094 0.472240 0.186188 0.379525
0 0.209096 0.437580 0.201785 0.227022
0 0.317300 0.415918 0.094556 0.145571
0 0.373351 0.408120 0.040942 0.098781
0 0.400646 0.407253 0.027295 0.079718
0 0.418193 0.401188 0.023395 0.060655
0 0.436714 0.396855 0.023395 0.045058
0 0.454748 0.394256 0.010723 0.022529
0 0.465471 0.394256 0.014622 0.025995
0 0.879764 0.509500 0.236878 0.287677
0 0.744266 0.447112 0.176440 0.207959
0 0.650197 0.441913 0.079934 0.107445
0 0.602431 0.443646 0.038992 0.076252
0 0.575137 0.431515 0.019496 0.058922
0 0.565389 0.411586 0.040942 0.046791
0 0.538094 0.408986 0.015597 0.045058
0 0.525909 0.403787 0.010723 0.034660
0 0.514699 0.398588 0.015597 0.027728
0 0.502026 0.393389 0.009748 0.020796
