0 0.064358 0.473018 0.128716 0.297208
0 0.926067 0.488704 0.146221 0.128241
0 0.152364 0.451513 0.186188 0.175032
0 0.269251 0.425207 0.108771 0.122558
0 0.837360 0.434981 0.048740 0.051990
0 0.652634 0.417651 0.016572 0.041592
0 0.639961 0.415918 0.018521 0.034660
0 0.629754 0.415052 0.011753 0.029461
0 0.476194 0.403787 0.016572 0.045058
0 0.491929 0.403787 0.018457 0.034660
0 0.506781 0.401188 0.013885 0.032927
0 0.439653 0.402617 0.072107 0.052423
0 0.593658 0.430648 0.060438 0.084917
0 0.689677 0.438447 0.084808 0.103980
