0 0.026803 0.645690 0.051900 0.230666
0 0.875638 0.583775 0.244475 0.242806
0 0.099190 0.520645 0.196673 0.267087
0 0.215282 0.481796 0.098336 0.145684
0 0.255572 0.451446 0.091507 0.133543
0 0.722670 0.515789 0.181649 0.150540
0 0.596335 0.478154 0.095605 0.099550
0 0.358006 0.434449 0.034145 0.050989
0 0.502779 0.445375 0.034145 0.048561
0 0.375078 0.425951 0.016389 0.029137
0 0.383273 0.425951 0.013658 0.033993
0 0.393516 0.423523 0.015024 0.033993
0 0.484341 0.439305 0.016389 0.036421
0 0.475463 0.436877 0.015024 0.031565
0 0.463854 0.434449 0.016389 0.036421
0 0.455659 0.436877 0.016389 0.026709
0 0.440807 0.433409 0.015024 0.021853
0 0.432612 0.430981 0.012292 0.016996
