0 0.574326 0.592265 0.014502 0.025781
0 0.583555 0.592265 0.017139 0.030469
0 0.598716 0.594609 0.021094 0.030469
0 0.611900 0.602812 0.021094 0.037500
0 0.632334 0.608671 0.025049 0.039844
0 0.447105 0.587578 0.013184 0.016406
0 0.434580 0.587578 0.017139 0.021094
0 0.410191 0.587578 0.029004 0.035156
0 0.384483 0.589921 0.027686 0.035156
0 0.347569 0.591093 0.038232 0.051562
0 0.294834 0.603984 0.054053 0.058594
0 0.208482 0.600468 0.089648 0.075000
0 0.549278 0.582890 0.017139 0.021094
0 0.667271 0.616875 0.060644 0.070312
0 0.472813 0.589687 0.017139 0.023437
