0 0.399671 0.505222 0.033657 0.037396
0 0.352342 0.508027 0.018932 0.039266
0 0.336565 0.508961 0.018932 0.059834
0 0.485390 0.494003 0.013673 0.022438
0 0.499589 0.497743 0.029449 0.041136
0 0.537453 0.523920 0.058899 0.093490
0 0.665242 0.532334 0.030501 0.095360
0 0.733607 0.498678 0.028398 0.031787
0 0.769893 0.491198 0.012621 0.016828
0 0.790928 0.495873 0.025242 0.029917
0 0.226130 0.533269 0.052588 0.082272
0 0.367592 0.515506 0.034708 0.046745
0 0.283451 0.523920 0.097814 0.127147
0 0.444371 0.565056 0.102021 0.145845
0 0.458044 0.484654 0.041019 0.014958
0 0.609499 0.553837 0.118850 0.172022
0 0.093607 0.592168 0.187214 0.192590
0 0.877699 0.599647 0.242958 0.226247
0 0.877173 0.481849 0.033657 0.016828
