0 0.099162 0.447423 0.110180 0.072165
0 0.342719 0.441237 0.022036 0.022680
0 0.478415 0.422680 0.019716 0.022680
0 0.462758 0.430928 0.011598 0.018557
0 0.442461 0.432990 0.026675 0.026804
0 0.423905 0.438144 0.015077 0.024742
0 0.410567 0.442268 0.018557 0.028866
0 0.524807 0.442268 0.019716 0.024742
0 0.544523 0.441237 0.017397 0.018557
0 0.541044 0.457732 0.022036 0.014433
0 0.570310 0.461795 0.041136 0.063797
0 0.633248 0.470103 0.044072 0.047423
0 0.488597 0.462566 0.042400 0.069462
0 0.793255 0.504918 0.126329 0.125299
