0 0.143578 0.447977 0.135213 0.118975
0 0.423564 0.444161 0.083313 0.123831
0 0.904319 0.523073 0.181649 0.485612
1 0.368249 0.387102 0.049168 0.082554
0 0.398297 0.376176 0.013658 0.021853
0 0.453867 0.368458 0.011780 0.016996
0 0.472049 0.374962 0.016389 0.033993
0 0.473415 0.395600 0.016389 0.026709
0 0.482292 0.399242 0.012292 0.029137
0 0.490487 0.406527 0.017755 0.024281
0 0.519168 0.412597 0.020487 0.060701
0 0.530095 0.412597 0.025950 0.080126
0 0.571751 0.413811 0.090142 0.116547
0 0.746571 0.479368 0.267694 0.291367
0 0.439099 0.367244 0.015024 0.019424
0 0.409735 0.369672 0.016389 0.024281
