0 0.420320 0.396988 0.015024 0.024281
0 0.403272 0.397104 0.020769 0.034226
0 0.458562 0.399416 0.015024 0.033993
0 0.469488 0.403058 0.020487 0.036421
0 0.604701 0.394560 0.031413 0.038849
0 0.625870 0.398202 0.027316 0.036421
0 0.649771 0.396988 0.045071 0.043705
1 0.873077 0.411556 0.147505 0.101978
0 0.978925 0.373921 0.039608 0.041277
0 0.938635 0.437051 0.120189 0.109263
0 0.569873 0.400630 0.021853 0.026709
0 0.545289 0.400630 0.040974 0.031565
0 0.486149 0.411212 0.034689 0.047226
0 0.439497 0.406298 0.029463 0.050185
0 0.271449 0.413984 0.042339 0.082554
0 0.330312 0.417580 0.096164 0.143163
0 0.110116 0.546313 0.220233 0.424910
