0 0.029237 0.613321 0.055355 0.173255
0 0.909846 0.661139 0.177759 0.440760
0 0.923100 0.460857 0.152811 0.101181
0 0.297045 0.500359 0.085761 0.072074
0 0.653733 0.482341 0.041321 0.047125
0 0.511447 0.477490 0.017152 0.020791
0 0.351620 0.497587 0.045219 0.066530
0 0.383975 0.490657 0.036643 0.052669
0 0.407365 0.483034 0.024169 0.048511
0 0.424517 0.488578 0.016373 0.034651
0 0.436991 0.487192 0.017932 0.031879
0 0.452584 0.480262 0.017932 0.026335
0 0.463109 0.477490 0.017152 0.026335
0 0.473245 0.479569 0.010915 0.019405
0 0.633462 0.471252 0.024169 0.033265
0 0.616700 0.468480 0.018711 0.030493
0 0.601886 0.467787 0.017152 0.023563
0 0.593700 0.467787 0.011695 0.018018
0 0.571870 0.468480 0.016373 0.022177
