0 0.858318 0.541560 0.024370 0.032927
0 0.804216 0.538094 0.046791 0.043325
0 0.660432 0.554557 0.053614 0.048524
0 0.599994 0.538960 0.034118 0.045058
0 0.568313 0.538094 0.019496 0.029461
0 0.542968 0.529429 0.021446 0.029461
0 0.520547 0.523364 0.013647 0.017330
0 0.036555 0.809307 0.071161 0.266881
0 0.105279 0.538094 0.050690 0.036393
0 0.176928 0.534628 0.030219 0.029461
0 0.311451 0.544159 0.051665 0.055456
0 0.371889 0.536361 0.045816 0.067587
0 0.443050 0.519898 0.039967 0.076252
0 0.416730 0.516432 0.014622 0.027728
