0 0.438484 0.353976 0.011959 0.019134
0 0.428320 0.349370 0.010763 0.017008
0 0.418155 0.352205 0.021526 0.029764
0 0.349990 0.364961 0.023917 0.029764
0 0.326671 0.370276 0.025113 0.044646
0 0.303551 0.372402 0.032288 0.057402
0 0.285613 0.377717 0.037072 0.055276
0 0.251132 0.384095 0.052618 0.063780
0 0.198514 0.391536 0.057402 0.074409
0 0.142906 0.405354 0.089690 0.102047
0 0.053216 0.404291 0.106432 0.163701
0 0.388657 0.366024 0.038268 0.053150
0 0.451041 0.360709 0.017938 0.025512
0 0.476752 0.360709 0.021526 0.029764
0 0.507845 0.360000 0.038268 0.042520
0 0.516814 0.374882 0.022721 0.042520
0 0.534752 0.370630 0.037072 0.072283
0 0.549700 0.381260 0.035876 0.076535
0 0.568834 0.388701 0.035876 0.082913
0 0.616868 0.391181 0.108824 0.138898
0 0.703369 0.422008 0.147092 0.163701
0 0.865568 0.478347 0.265482 0.297638
