0 0.429917 0.297218 0.009798 0.015242
0 0.415832 0.295040 0.011023 0.015242
0 0.402971 0.299395 0.009798 0.023952
0 0.391948 0.302661 0.017147 0.013065
0 0.385824 0.317903 0.024496 0.021774
0 0.442777 0.298306 0.013473 0.017419
0 0.456250 0.305927 0.015922 0.023952
0 0.477684 0.311371 0.026946 0.056613
0 0.501568 0.317903 0.025721 0.056613
0 0.517490 0.338589 0.040418 0.071855
0 0.543211 0.340766 0.035519 0.141532
0 0.604451 0.340766 0.138402 0.189436
0 0.708559 0.399557 0.224138 0.241694
0 0.312949 0.325524 0.037969 0.067500
0 0.279267 0.335323 0.041643 0.095806
0 0.229662 0.342944 0.072263 0.137177
0 0.099834 0.381048 0.194743 0.213387
