0 0.597613 0.551233 0.008190 0.022881
0 0.576552 0.541872 0.010531 0.016641
0 0.568947 0.541872 0.009361 0.016641
0 0.557831 0.556433 0.012871 0.029122
0 0.546715 0.556433 0.016381 0.037442
0 0.530919 0.558513 0.033932 0.054083
0 0.605706 0.558860 0.014041 0.029122
0 0.612142 0.560940 0.012871 0.029122
0 0.625598 0.566141 0.021061 0.035362
0 0.638468 0.580701 0.030422 0.043683
0 0.584645 0.563020 0.025742 0.037442
0 0.480509 0.570301 0.081905 0.118567
0 0.331910 0.623691 0.187211 0.226734
0 0.735584 0.634091 0.060844 0.089445
0 0.789407 0.653853 0.109987 0.124807
0 0.853176 0.693375 0.136898 0.145609
