0 0.403776 0.434366 0.013765 0.014275
0 0.391732 0.433346 0.012618 0.020393
0 0.379114 0.436405 0.017206 0.030589
0 0.359613 0.439464 0.026383 0.040785
0 0.322333 0.441751 0.050472 0.073909
0 0.443351 0.431307 0.010324 0.016314
0 0.451381 0.432326 0.010324 0.018353
0 0.461131 0.439464 0.013765 0.020393
0 0.470308 0.443542 0.016059 0.024471
0 0.479484 0.445582 0.018353 0.028550
0 0.503573 0.444562 0.039001 0.067296
0 0.264542 0.456051 0.071993 0.086195
0 0.520641 0.457232 0.055929 0.070204
0 0.970440 0.487951 0.053913 0.055971
0 0.883834 0.478210 0.105532 0.079532
0 0.789199 0.481269 0.090620 0.081571
0 0.995102 0.569977 0.009177 0.075453
0 0.423549 0.430695 0.014912 0.020393
