0 0.774163 0.254013 0.015987 0.031974
2 0.710715 0.250461 0.034971 0.056842
0 0.669990 0.262987 0.027460 0.035343
0 0.631475 0.260431 0.031584 0.040453
0 0.582820 0.262895 0.042965 0.042632
0 0.553345 0.251349 0.025979 0.030197
0 0.518373 0.271776 0.043964 0.053289
0 0.478406 0.269276 0.047961 0.054737
0 0.398545 0.277105 0.055809 0.053289
0 0.367997 0.277105 0.032973 0.046184
0 0.324033 0.275566 0.066945 0.074131
0 0.249095 0.274441 0.086928 0.087039
0 0.062527 0.291781 0.125053 0.121719
0 0.183985 0.272664 0.043291 0.058618
