0 0.915246 0.708078 0.167991 0.362379
0 0.056168 0.629388 0.110628 0.089838
0 0.201162 0.601363 0.167549 0.115843
0 0.284254 0.586897 0.064192 0.092266
0 0.320447 0.591753 0.030047 0.058273
0 0.366329 0.591753 0.066666 0.077698
0 0.617387 0.588001 0.069420 0.075490
0 0.413320 0.580827 0.035510 0.050989
0 0.434490 0.571114 0.031413 0.050989
0 0.457025 0.573542 0.024584 0.031565
0 0.584043 0.582041 0.030047 0.058273
0 0.569702 0.578398 0.020487 0.041277
0 0.558093 0.575970 0.019121 0.046133
0 0.547850 0.577184 0.020487 0.033993
0 0.537606 0.574756 0.016389 0.033993
0 0.528046 0.571114 0.016389 0.026709
0 0.515071 0.567472 0.020487 0.033993
0 0.485024 0.565044 0.015024 0.019424
0 0.499057 0.563310 0.008195 0.019424
0 0.322666 0.517177 0.024584 0.024281
