0 0.504063 0.599289 0.017995 0.029858
0 0.488467 0.599289 0.013196 0.021327
0 0.470473 0.599289 0.017995 0.029858
0 0.457277 0.599289 0.015595 0.029858
0 0.440482 0.603554 0.025193 0.051185
0 0.426686 0.602488 0.023993 0.053317
0 0.400294 0.612085 0.033590 0.089573
0 0.366704 0.606230 0.079176 0.167437
0 0.287559 0.627948 0.148692 0.219403
0 0.124569 0.650474 0.249139 0.345497
0 0.523857 0.603554 0.011996 0.017062
0 0.534054 0.611019 0.010797 0.019194
0 0.547850 0.614218 0.014396 0.025592
0 0.559846 0.612085 0.014396 0.038389
0 0.575442 0.601421 0.023993 0.076777
0 0.595236 0.609952 0.032390 0.102370
0 0.654018 0.632134 0.111567 0.143314
0 0.867254 0.599475 0.265492 0.559141
