0 0.455440 0.470437 0.015153 0.022948
0 0.432512 0.470084 0.014988 0.025651
0 0.421343 0.477944 0.007349 0.032661
0 0.411438 0.477068 0.014483 0.039619
0 0.398145 0.480469 0.019742 0.050777
0 0.365740 0.482010 0.055367 0.075632
0 0.316011 0.477944 0.053891 0.084919
0 0.198648 0.529007 0.205330 0.200110
0 0.026346 0.684798 0.052666 0.250403
0 0.476767 0.471934 0.016276 0.023946
0 0.497597 0.476424 0.025127 0.036917
0 0.530963 0.487742 0.035519 0.043548
0 0.560746 0.493895 0.037192 0.055853
0 0.618536 0.498629 0.085736 0.100161
0 0.654055 0.514451 0.095534 0.099002
0 0.803083 0.531799 0.251513 0.231477
0 0.922889 0.578157 0.154223 0.252503
