0 0.515117 0.524707 0.017944 0.039601
0 0.541358 0.522479 0.038251 0.092458
0 0.560218 0.530251 0.040083 0.103315
0 0.578109 0.546082 0.041215 0.106852
0 0.613877 0.557109 0.083057 0.133594
0 0.668623 0.597244 0.108174 0.222074
0 0.263194 0.546562 0.038232 0.051562
0 0.233860 0.553022 0.049439 0.080830
0 0.191080 0.569782 0.052208 0.079253
0 0.137662 0.580854 0.079844 0.096709
0 0.054893 0.580546 0.109424 0.157031
0 0.841797 0.620390 0.316406 0.569531
0 0.432853 0.530063 0.021594 0.028311
0 0.339874 0.540538 0.032527 0.044861
1 0.378065 0.530016 0.045795 0.061218
