0 0.363901 0.555702 0.024089 0.042825
0 0.352430 0.560801 0.035560 0.057100
0 0.332358 0.568300 0.034418 0.072098
0 0.316996 0.575021 0.042694 0.081462
0 0.291850 0.583434 0.056640 0.106446
0 0.441749 0.554959 0.028370 0.036154
0 0.466090 0.562064 0.027794 0.054163
0 0.491747 0.571428 0.029933 0.062041
0 0.513379 0.582356 0.048611 0.083896
0 0.624634 0.624985 0.141769 0.168603
0 0.832001 0.695271 0.335999 0.287773
0 0.213598 0.609149 0.163968 0.182347
0 0.545464 0.600548 0.076434 0.110227
0 0.473306 0.575367 0.022984 0.056064
