0 0.349406 0.543357 0.011828 0.037278
0 0.336690 0.548421 0.017916 0.034389
0 0.318413 0.547516 0.019853 0.048869
0 0.298359 0.540000 0.035820 0.076415
0 0.264708 0.544349 0.050905 0.113123
0 0.397938 0.546368 0.017193 0.033113
0 0.413184 0.555747 0.021089 0.036588
0 0.428026 0.561651 0.025790 0.048396
0 0.452316 0.573788 0.037118 0.059784
0 0.497199 0.580964 0.073706 0.107399
0 0.582440 0.640441 0.095219 0.155033
0 0.192724 0.552559 0.118704 0.154883
0 0.738120 0.696128 0.309710 0.344426
0 0.373900 0.548421 0.024944 0.036199
