0 0.246202 0.658744 0.043173 0.052751
0 0.213624 0.662566 0.025979 0.046184
0 0.190918 0.663784 0.026528 0.052173
0 0.162484 0.666837 0.036334 0.066062
0 0.315041 0.648355 0.028976 0.035526
0 0.481903 0.643914 0.020983 0.026645
0 0.508499 0.653990 0.021747 0.038467
0 0.524868 0.659013 0.024979 0.035526
0 0.547849 0.659921 0.032973 0.040894
0 0.586087 0.657087 0.047571 0.063666
0 0.603803 0.679441 0.038968 0.044408
0 0.643546 0.691296 0.050244 0.057964
0 0.346515 0.650375 0.035970 0.035039
0 0.118126 0.668965 0.064141 0.074118
0 0.457805 0.644734 0.014432 0.019955
0 0.946313 0.731313 0.107373 0.188882
