0 0.118850 0.503116 0.237699 0.435136
0 0.894479 0.570384 0.211042 0.383497
0 0.508257 0.387044 0.008080 0.020181
0 0.501587 0.386302 0.005259 0.018698
0 0.493699 0.386302 0.010518 0.022438
0 0.488966 0.390977 0.011569 0.028047
0 0.475779 0.394317 0.016749 0.038468
0 0.467884 0.401043 0.014951 0.046906
0 0.447636 0.403433 0.039538 0.070448
0 0.410937 0.411206 0.069039 0.098502
0 0.403171 0.427603 0.055265 0.096899
0 0.534403 0.390977 0.007362 0.024307
0 0.531308 0.389921 0.007240 0.026934
0 0.542291 0.393781 0.012621 0.026177
0 0.559119 0.403130 0.027346 0.044875
0 0.579055 0.410021 0.025338 0.058657
0 0.612006 0.419793 0.057392 0.078201
0 0.338038 0.440527 0.131260 0.145845
0 0.719934 0.439405 0.169334 0.190720
