0 0.538856 0.442373 0.012013 0.012203
0 0.550440 0.443898 0.011155 0.015254
0 0.563660 0.446171 0.019036 0.035053
0 0.580501 0.449817 0.026539 0.048447
0 0.617309 0.452002 0.060804 0.080275
0 0.481844 0.447524 0.008849 0.023727
0 0.466694 0.448627 0.021451 0.032034
0 0.448675 0.452441 0.021451 0.036610
0 0.332399 0.484119 0.052962 0.080491
0 0.266163 0.497742 0.105689 0.104289
0 0.123431 0.534523 0.193532 0.165784
0 0.016142 0.570944 0.032284 0.112881
0 0.705387 0.485783 0.120266 0.126482
0 0.398274 0.470161 0.084842 0.097394
