0 0.486656 0.568828 0.013184 0.021094
0 0.469517 0.564140 0.013184 0.030469
0 0.462503 0.562512 0.012340 0.036587
0 0.453311 0.554703 0.019227 0.054030
0 0.440620 0.557004 0.018469 0.055505
0 0.422151 0.555832 0.028143 0.076613
0 0.392248 0.555050 0.051889 0.092248
0 0.544748 0.562533 0.018288 0.036630
0 0.572441 0.556672 0.023545 0.038970
0 0.587386 0.554330 0.033207 0.053036
0 0.609263 0.554765 0.031641 0.049219
0 0.666525 0.557045 0.035422 0.072785
0 0.689293 0.558177 0.028583 0.064104
0 0.720005 0.557109 0.063281 0.086719
0 0.772080 0.568828 0.106787 0.110156
0 0.892710 0.575859 0.192480 0.157031
0 0.988862 0.614185 0.021269 0.117879
0 0.078533 0.657890 0.157066 0.232031
0 0.513094 0.560582 0.036772 0.051477
0 0.304722 0.553593 0.145019 0.159375
