0 0.952954 0.408259 0.094091 0.107756
0 0.810844 0.420292 0.166368 0.129729
0 0.326992 0.413020 0.012797 0.015167
0 0.340147 0.413312 0.010887 0.029750
0 0.350126 0.417395 0.012469 0.028585
0 0.362432 0.420895 0.015423 0.040252
0 0.373277 0.427734 0.023730 0.053906
0 0.401621 0.433593 0.056689 0.075000
0 0.426697 0.455437 0.067290 0.090561
0 0.259067 0.422062 0.008204 0.020418
0 0.247090 0.423812 0.013126 0.023918
0 0.222550 0.429442 0.014953 0.017677
0 0.210418 0.432375 0.017222 0.025875
0 0.193938 0.427630 0.015737 0.034949
0 0.178806 0.428797 0.019750 0.037282
0 0.165547 0.438980 0.025267 0.036752
0 0.134564 0.438433 0.028824 0.047179
0 0.111076 0.442188 0.033142 0.053669
0 0.087121 0.453564 0.031830 0.048419
0 0.055389 0.459594 0.045150 0.055812
0 0.019688 0.460314 0.039377 0.080420
0 0.155211 0.441021 0.020345 0.037335
0 0.355705 0.417979 0.011813 0.035585
