0 0.452311 0.596149 0.015597 0.020796
0 0.470832 0.596149 0.013647 0.020796
0 0.486917 0.596149 0.016572 0.020796
0 0.494228 0.596149 0.011698 0.020796
0 0.547842 0.596149 0.021446 0.048524
0 0.564901 0.605681 0.030219 0.053723
0 0.599994 0.602215 0.063363 0.088383
0 0.432327 0.589217 0.018521 0.027728
0 0.414293 0.593550 0.015597 0.015597
0 0.386999 0.593550 0.029244 0.032927
0 0.350931 0.595283 0.042892 0.064121
0 0.293905 0.602215 0.071161 0.088383
0 0.231517 0.617812 0.061413 0.064121
0 0.104304 0.624744 0.087733 0.091849
0 0.167667 0.625610 0.097481 0.090116
0 0.519573 0.599615 0.040942 0.055456
0 0.967497 0.612613 0.063363 0.098781
