0 0.450361 0.454044 0.017547 0.027728
0 0.465958 0.450578 0.019496 0.034660
0 0.482042 0.455777 0.032169 0.045058
0 0.493253 0.462709 0.023395 0.045058
0 0.509337 0.468774 0.024370 0.067587
0 0.538581 0.464442 0.057514 0.090116
0 0.625827 0.482638 0.163768 0.192362
0 0.394797 0.449711 0.013647 0.022529
0 0.379688 0.452311 0.014622 0.020796
0 0.363603 0.456643 0.017547 0.029461
0 0.342645 0.460109 0.020471 0.036393
0 0.321687 0.470507 0.021446 0.032927
0 0.299266 0.480905 0.023395 0.029461
0 0.268560 0.477439 0.034118 0.050257
0 0.233466 0.484371 0.061413 0.077985
0 0.130137 0.496502 0.108204 0.147304
0 0.039967 0.492170 0.077985 0.207959
0 0.833948 0.540693 0.326561 0.381258
0 0.416243 0.450578 0.029244 0.034660
0 0.433302 0.447112 0.016572 0.017330
