0 0.021753 0.365234 0.035596 0.035156
0 0.076465 0.359375 0.058008 0.028125
0 0.170727 0.348828 0.038232 0.049219
0 0.207641 0.337109 0.032959 0.039844
0 0.244555 0.342969 0.027686 0.032812
0 0.282788 0.340625 0.014502 0.028125
0 0.295312 0.338672 0.026367 0.039844
0 0.321679 0.338281 0.010547 0.023437
0 0.313110 0.335937 0.011865 0.037500
0 0.340796 0.333594 0.022412 0.042187
0 0.361889 0.334765 0.019775 0.025781
0 0.421875 0.335547 0.042187 0.072656
0 0.384961 0.333594 0.018457 0.032812
0 0.451538 0.340625 0.014502 0.023437
1 0.446924 0.315234 0.018457 0.035156
0 0.466699 0.335156 0.013184 0.023437
0 0.479223 0.333594 0.014502 0.032812
0 0.488452 0.338281 0.030322 0.051562
0 0.508227 0.337109 0.019775 0.058594
0 0.529980 0.342969 0.036914 0.056250
0 0.669067 0.358203 0.151611 0.185156
0 0.800244 0.330078 0.055371 0.082031
0 0.919555 0.421484 0.159521 0.307031
0 0.124107 0.345703 0.031641 0.025781
0 0.098399 0.323437 0.019775 0.032812
