0 0.506962 0.429904 0.017938 0.027638
0 0.521910 0.440534 0.019134 0.036142
0 0.530281 0.442660 0.023917 0.027638
0 0.542240 0.454353 0.019134 0.042520
0 0.567353 0.469235 0.043051 0.059528
0 0.608013 0.483054 0.045443 0.082913
0 0.645085 0.469843 0.064577 0.133026
0 0.750919 0.480017 0.202101 0.223228
0 0.426839 0.420489 0.013155 0.014882
0 0.442385 0.438560 0.015546 0.025512
0 0.380200 0.444635 0.025113 0.027942
0 0.349706 0.480017 0.086102 0.099921
0 0.422653 0.447064 0.031093 0.034016
0 0.472282 0.447064 0.037072 0.051024
0 0.879116 0.533269 0.237842 0.277642
0 0.169728 0.484872 0.154267 0.150283
0 0.303136 0.458127 0.063043 0.081510
0 0.459310 0.398814 0.014328 0.020377
0 0.474354 0.407002 0.012895 0.022925
