0 0.419152 0.374913 0.025696 0.025204
0 0.396556 0.382001 0.033671 0.042532
0 0.360227 0.381214 0.044304 0.063011
0 0.315923 0.393028 0.067342 0.080338
0 0.246808 0.422170 0.074431 0.107118
0 0.142693 0.437155 0.169242 0.162214
0 0.037699 0.456827 0.075398 0.237965
0 0.490744 0.369137 0.011519 0.018903
0 0.507136 0.370712 0.024810 0.028355
0 0.521757 0.373075 0.031013 0.045683
0 0.540807 0.383314 0.038988 0.056709
0 0.553213 0.394341 0.031899 0.063011
0 0.566504 0.405368 0.040760 0.066161
0 0.855276 0.510221 0.289448 0.308348
0 0.456735 0.383691 0.047667 0.078763
0 0.601829 0.408842 0.066201 0.081806
