0 0.453638 0.431033 0.025113 0.037422
0 0.435683 0.429384 0.008398 0.017062
0 0.426686 0.430450 0.011996 0.019194
0 0.413490 0.432583 0.021594 0.031991
0 0.397894 0.442180 0.028791 0.042654
0 0.375701 0.447512 0.037189 0.049052
0 0.338512 0.457109 0.058783 0.076777
0 0.262045 0.474170 0.116987 0.127962
0 0.105975 0.532820 0.211950 0.287915
0 0.477071 0.428317 0.014396 0.019194
0 0.487868 0.434715 0.016795 0.027725
0 0.495665 0.434715 0.017995 0.036256
0 0.508262 0.436848 0.019194 0.053317
0 0.518459 0.441113 0.027592 0.066114
0 0.541252 0.442180 0.051585 0.115166
0 0.606033 0.464356 0.118765 0.168917
0 0.815987 0.508293 0.368026 0.481990
