0 0.017758 0.897921 0.031592 0.162250
0 0.673159 0.891823 0.224653 0.216354
0 0.073525 0.862142 0.147051 0.190538
0 0.155241 0.850494 0.093606 0.142282
0 0.193269 0.815756 0.062014 0.110247
0 0.224861 0.810555 0.040952 0.087365
0 0.245337 0.806395 0.037442 0.079045
0 0.260548 0.791834 0.042123 0.066564
0 0.531836 0.857751 0.140865 0.158433
0 0.472916 0.831357 0.076055 0.104006
0 0.440739 0.829276 0.037442 0.091525
0 0.421432 0.813675 0.040952 0.085285
0 0.395106 0.807435 0.023401 0.052003
0 0.379310 0.802235 0.017551 0.029122
0 0.368779 0.792874 0.017551 0.031202
0 0.358249 0.783514 0.017551 0.029122
0 0.272834 0.781434 0.040952 0.054083
0 0.290385 0.781434 0.022231 0.033282
0 0.861243 0.882407 0.275871 0.231593
