0 0.027147 0.428277 0.053930 0.066095
0 0.090320 0.422881 0.074429 0.055430
0 0.144130 0.414834 0.047272 0.046490
0 0.216015 0.409470 0.036268 0.035762
0 0.279410 0.402318 0.026151 0.021457
0 0.305560 0.396060 0.026151 0.030397
0 0.366914 0.389801 0.012070 0.025033
0 0.379486 0.386225 0.007041 0.028609
0 0.394573 0.387119 0.007041 0.023245
0 0.406140 0.380861 0.010058 0.021457
0 0.502193 0.389120 0.021122 0.030822
0 0.524824 0.388013 0.026151 0.050066
0 0.545442 0.391589 0.043249 0.057219
0 0.557009 0.399636 0.034197 0.059007
0 0.586680 0.398742 0.051296 0.100132
0 0.628672 0.405894 0.089014 0.114437
