0 0.436755 0.471582 0.011471 0.016314
0 0.445932 0.476680 0.013765 0.022432
0 0.455682 0.476680 0.014912 0.030589
0 0.464286 0.480759 0.016059 0.034668
0 0.474036 0.482798 0.017206 0.038746
0 0.482639 0.486877 0.020648 0.046903
0 0.540280 0.498093 0.050472 0.069335
0 0.567811 0.506250 0.052766 0.085650
0 0.603370 0.521015 0.078002 0.105062
0 0.688255 0.533393 0.147975 0.174112
0 0.843787 0.575809 0.277969 0.241908
0 0.405497 0.470563 0.010324 0.022432
0 0.401482 0.470563 0.016059 0.030589
0 0.395173 0.471582 0.014912 0.036707
0 0.383702 0.476680 0.026383 0.059139
0 0.365922 0.477700 0.027530 0.093807
0 0.327556 0.477443 0.088778 0.126948
0 0.122739 0.579730 0.245478 0.358779
0 0.041869 0.678503 0.083738 0.336350
0 0.969006 0.651996 0.059649 0.159188
0 0.422130 0.468523 0.014912 0.022432
0 0.500426 0.490027 0.027455 0.041044
0 0.953617 0.823755 0.090476 0.206327
