0 0.046303 0.545892 0.092607 0.121309
0 0.173028 0.582285 0.162793 0.176765
0 0.302190 0.563156 0.070186 0.093449
0 0.344595 0.549528 0.030219 0.066192
0 0.391385 0.546759 0.022421 0.032927
0 0.902672 0.701880 0.193012 0.398625
0 0.731121 0.621278 0.171596 0.178498
0 0.637524 0.586618 0.070186 0.123042
0 0.600482 0.571887 0.038992 0.093582
0 0.570263 0.564955 0.040942 0.072786
0 0.518598 0.546209 0.027295 0.038758
0 0.407957 0.538094 0.010723 0.025995
0 0.419655 0.537227 0.010723 0.027728
0 0.428428 0.536361 0.010723 0.025995
0 0.438176 0.530295 0.006824 0.013864
0 0.499589 0.538094 0.010723 0.019063
0 0.490816 0.537227 0.010723 0.020796
0 0.484479 0.534628 0.009748 0.019063
