0 0.018353 0.417032 0.035560 0.099924
0 0.174932 0.428208 0.082591 0.089807
0 0.090620 0.438921 0.138798 0.101010
0 0.235253 0.446601 0.164821 0.101964
0 0.590179 0.434366 0.016059 0.024471
0 0.581002 0.438444 0.018353 0.040785
0 0.628606 0.437424 0.017206 0.030589
0 0.642372 0.441503 0.019501 0.026511
0 0.655563 0.445582 0.025236 0.034668
0 0.670475 0.455778 0.022942 0.038746
0 0.693991 0.460876 0.028677 0.036707
0 0.724389 0.464955 0.048178 0.065257
0 0.777728 0.483308 0.099797 0.101964
0 0.548230 0.457817 0.058662 0.091767
