0 0.522497 0.409853 0.011698 0.022529
0 0.531270 0.422850 0.009748 0.020796
0 0.537607 0.429782 0.010723 0.024262
0 0.552229 0.438447 0.022421 0.031194
0 0.572700 0.447112 0.030219 0.051990
0 0.351906 0.432381 0.027295 0.039859
0 0.321687 0.445379 0.029244 0.041592
0 0.299753 0.448845 0.030219 0.045058
0 0.282207 0.460976 0.028269 0.038126
0 0.212508 0.485238 0.066287 0.062388
0 0.141835 0.499102 0.071161 0.062388
0 0.596582 0.464442 0.048740 0.062388
0 0.504950 0.410719 0.017547 0.024262
0 0.486745 0.403747 0.011078 0.019695
