0 0.912342 0.323342 0.171610 0.178475
0 0.880594 0.289020 0.235106 0.231864
0 0.732151 0.320291 0.114979 0.138814
0 0.719280 0.287495 0.130424 0.137288
0 0.236650 0.374034 0.036038 0.036610
0 0.177421 0.385122 0.052341 0.085424
0 0.292829 0.350800 0.030890 0.038136
0 0.640769 0.305037 0.038612 0.071695
0 0.398672 0.339952 0.060064 0.082373
0 0.108543 0.357559 0.024883 0.033559
0 0.382798 0.327094 0.042044 0.045763
0 0.354986 0.321581 0.015295 0.020179
0 0.310722 0.334721 0.011155 0.027458
0 0.347339 0.305390 0.010297 0.015254
