0 0.314956 0.346341 0.010531 0.014561
0 0.333677 0.353621 0.017551 0.016641
0 0.352983 0.358822 0.021061 0.018721
0 0.390426 0.361942 0.028082 0.033282
0 0.451269 0.344261 0.018721 0.014561
0 0.292140 0.355701 0.018721 0.020801
0 0.286874 0.373382 0.019891 0.018721
0 0.239487 0.352581 0.016381 0.014561
0 0.247677 0.362982 0.018721 0.022881
0 0.265228 0.368182 0.018721 0.020801
0 0.217255 0.346341 0.018721 0.018721
0 0.189174 0.379623 0.065524 0.031202
0 0.331922 0.373382 0.018721 0.022881
0 0.360589 0.369222 0.022231 0.022881
0 0.412072 0.380663 0.033932 0.045763
0 0.231296 0.378583 0.016381 0.024961
