0 0.016560 0.379818 0.031413 0.048561
0 0.115579 0.373748 0.032779 0.050989
0 0.162016 0.379818 0.030047 0.029137
0 0.890662 0.421095 0.217160 0.208813
0 0.775253 0.412597 0.092873 0.099550
0 0.724719 0.394386 0.101068 0.111691
0 0.672819 0.391958 0.043705 0.082554
0 0.650284 0.399242 0.031413 0.063130
0 0.634577 0.396814 0.030047 0.058273
0 0.618871 0.391958 0.025950 0.048561
0 0.606579 0.384674 0.020487 0.038849
0 0.281522 0.381032 0.028681 0.031565
0 0.446099 0.379818 0.046437 0.033993
0 0.529412 0.379818 0.024584 0.033993
