0 0.071581 0.377543 0.141578 0.205932
0 0.522644 0.494030 0.063184 0.101926
0 0.888875 0.639638 0.173170 0.147689
0 0.345317 0.428357 0.031592 0.043683
0 0.371058 0.429397 0.019891 0.033282
0 0.386854 0.430437 0.018721 0.031202
0 0.403820 0.428357 0.012871 0.031202
0 0.483707 0.451387 0.014041 0.020801
0 0.473761 0.445147 0.010531 0.020801
0 0.452115 0.438906 0.016381 0.020801
0 0.572632 0.487581 0.023401 0.033282
0 0.594864 0.494862 0.014041 0.031202
0 0.623530 0.508382 0.038612 0.037442
0 0.249063 0.411586 0.090657 0.084917
