0 0.134173 0.745629 0.268346 0.393377
0 0.941017 0.814346 0.115071 0.366307
0 0.734029 0.666954 0.215240 0.246755
0 0.489118 0.615993 0.019110 0.026821
0 0.444360 0.613311 0.026151 0.032185
0 0.270358 0.673212 0.158916 0.230662
0 0.348307 0.646391 0.067388 0.148411
0 0.384515 0.635662 0.051296 0.126954
0 0.412175 0.628510 0.042243 0.112649
0 0.608305 0.646391 0.064371 0.109073
0 0.575113 0.634768 0.048278 0.085828
0 0.541057 0.612417 0.020397 0.030397
1 0.526835 0.611523 0.018104 0.025033
1 0.461961 0.610629 0.013075 0.023245
