0 0.191458 0.555846 0.072990 0.071118
0 0.494646 0.484103 0.009826 0.014972
0 0.392145 0.493461 0.016142 0.014972
2 0.456011 0.493461 0.014738 0.029945
0 0.452615 0.524832 0.021055 0.028697
0 0.504846 0.481816 0.009826 0.011229
0 0.506952 0.488054 0.009826 0.013725
0 0.509408 0.492421 0.010527 0.014972
0 0.515023 0.503027 0.013335 0.018715
0 0.336291 0.521742 0.032986 0.023706
0 0.379103 0.529228 0.021757 0.026201
0 0.367172 0.539210 0.025968 0.028697
0 0.299094 0.546904 0.027371 0.042421
0 0.267512 0.547528 0.055444 0.058641
0 0.078341 0.577680 0.155805 0.127264
