0 0.475871 0.654739 0.016795 0.021327
0 0.457277 0.664336 0.020394 0.031991
0 0.433884 0.659004 0.023993 0.046919
0 0.414090 0.671801 0.029991 0.063981
0 0.383499 0.671801 0.045586 0.063981
0 0.355307 0.696327 0.051585 0.074644
0 0.253337 0.695260 0.173948 0.179147
0 0.081982 0.756042 0.163964 0.266588
0 0.527456 0.655805 0.014396 0.014929
0 0.546050 0.660071 0.022793 0.027725
0 0.568844 0.666469 0.029991 0.049052
0 0.598235 0.682464 0.038389 0.059716
0 0.640222 0.693128 0.069579 0.081043
0 0.923281 0.758175 0.153439 0.317772
