0 0.443050 0.503434 0.018521 0.029461
0 0.416243 0.506900 0.009748 0.015597
0 0.403083 0.506900 0.008773 0.015597
0 0.360679 0.502568 0.076035 0.069320
0 0.315350 0.516432 0.010723 0.034660
0 0.298291 0.524230 0.021446 0.022529
0 0.153045 0.531162 0.027295 0.032927
0 0.103040 0.551091 0.092210 0.114377
0 0.557103 0.493036 0.018521 0.057189
0 0.572700 0.490437 0.026320 0.062388
0 0.600482 0.492170 0.048740 0.076252
0 0.677491 0.502568 0.091632 0.121309
0 0.640936 0.503434 0.063363 0.091849
0 0.740245 0.507767 0.178634 0.180231
0 0.023030 0.547625 0.046060 0.136906
0 0.054786 0.550189 0.035820 0.091698
