0 0.363976 0.484801 0.018118 0.023807
0 0.345465 0.488302 0.018906 0.033610
0 0.325982 0.490674 0.024786 0.044813
0 0.307471 0.494390 0.027149 0.055045
0 0.290140 0.498591 0.028724 0.057846
0 0.458884 0.486784 0.018906 0.033610
0 0.471488 0.482583 0.025207 0.044813
0 0.492363 0.489585 0.033873 0.050415
0 0.843153 0.599844 0.310367 0.344502
0 0.255226 0.502749 0.040962 0.067220
0 0.149995 0.542647 0.142941 0.190588
0 0.532901 0.509051 0.055929 0.071421
0 0.400562 0.481743 0.044901 0.050415
0 0.431749 0.461393 0.011028 0.014004
0 0.041496 0.559853 0.082992 0.177353
