0 0.340900 0.477490 0.046779 0.049897
0 0.374035 0.474024 0.014813 0.020791
0 0.526066 0.480262 0.030406 0.041581
0 0.926414 0.576591 0.145794 0.184343
0 0.784128 0.521843 0.171522 0.174641
0 0.700706 0.512833 0.087320 0.126129
0 0.645352 0.501052 0.057694 0.099795
0 0.606369 0.502438 0.028067 0.066530
0 0.581810 0.494122 0.031965 0.060986
0 0.506185 0.468480 0.013254 0.031879
0 0.494880 0.468480 0.020271 0.037423
0 0.478507 0.461550 0.009356 0.015246
0 0.466423 0.458085 0.011695 0.016632
0 0.387679 0.469866 0.010135 0.020791
0 0.398204 0.467094 0.010915 0.015246
0 0.420814 0.462243 0.015593 0.016632
0 0.407950 0.465708 0.008576 0.018018
0 0.435627 0.463629 0.010915 0.016632
0 0.446152 0.461550 0.010135 0.015246
0 0.456288 0.457392 0.010135 0.012474
