0 0.495810 0.416280 0.013093 0.012533
0 0.459553 0.424337 0.009064 0.010743
0 0.446460 0.427918 0.011078 0.010743
0 0.433368 0.427023 0.011078 0.016114
0 0.424303 0.426127 0.009064 0.014324
0 0.408189 0.427023 0.021150 0.026857
0 0.372436 0.437765 0.026185 0.019695
0 0.336180 0.447613 0.046328 0.042971
0 0.516456 0.418966 0.010071 0.014324
0 0.537102 0.421651 0.017121 0.023276
0 0.553719 0.417175 0.028200 0.017905
0 0.683135 0.419861 0.061435 0.044761
0 0.679107 0.461041 0.071506 0.119960
0 0.836219 0.492374 0.299117 0.304377
0 0.907222 0.605173 0.185312 0.343767
1 0.261149 0.430604 0.043307 0.059085
0 0.043609 0.466413 0.079563 0.069828
0 0.101519 0.450299 0.032228 0.037599
0 0.141804 0.446718 0.040285 0.037599
0 0.178564 0.442241 0.033235 0.032228
