0 0.509503 0.569151 0.021473 0.024293
0 0.537809 0.565681 0.037090 0.069409
0 0.543665 0.565681 0.027330 0.055527
0 0.561722 0.583901 0.057588 0.091967
0 0.625166 0.611664 0.104438 0.144023
0 0.833433 0.680594 0.331616 0.335854
0 0.936041 0.823361 0.126888 0.307133
0 0.465581 0.569151 0.029282 0.034704
0 0.448499 0.563946 0.022449 0.048586
0 0.430442 0.564813 0.027330 0.078085
0 0.402137 0.572622 0.066372 0.097172
0 0.311851 0.581298 0.145433 0.277635
0 0.163002 0.639428 0.326004 0.439010
0 0.048803 0.851992 0.095654 0.291517
