0 0.488467 0.390378 0.024356 0.038488
0 0.424004 0.408090 0.043884 0.073911
0 0.399356 0.397938 0.057990 0.111340
0 0.362822 0.418557 0.080026 0.140206
0 0.287436 0.439175 0.156572 0.164948
0 0.517848 0.389691 0.031314 0.028866
0 0.547423 0.396220 0.009278 0.035052
0 0.557861 0.397251 0.013918 0.032990
0 0.574098 0.408591 0.020876 0.059794
0 0.592075 0.418900 0.031314 0.080412
0 0.622297 0.444432 0.054730 0.127352
0 0.681839 0.452531 0.134296 0.172416
0 0.781121 0.529210 0.233119 0.239175
0 0.910809 0.644664 0.177030 0.472834
1 0.441882 0.379488 0.064948 0.109492
