0 0.912485 0.538359 0.015820 0.025781
0 0.900620 0.534843 0.013184 0.028125
0 0.892051 0.533671 0.017139 0.030469
0 0.880845 0.536015 0.015820 0.039844
0 0.866343 0.538359 0.023730 0.049219
0 0.849204 0.536015 0.021094 0.049219
0 0.817564 0.524297 0.047461 0.067969
0 0.788560 0.531328 0.031641 0.072656
0 0.766148 0.543046 0.052734 0.086719
0 0.714732 0.533672 0.084375 0.124219
0 0.673203 0.544218 0.083057 0.140625
0 0.942148 0.544218 0.017139 0.028125
0 0.986973 0.539531 0.025049 0.037500
0 0.962583 0.579375 0.052734 0.098437
0 0.982358 0.652031 0.034277 0.164062
1 0.511045 0.496172 0.275537 0.307031
