0 0.379455 0.517457 0.012968 0.015370
0 0.442856 0.518738 0.012968 0.023055
0 0.452222 0.517457 0.014409 0.025617
0 0.467736 0.527027 0.041554 0.048649
0 0.496891 0.525783 0.023055 0.034583
0 0.526431 0.515536 0.031701 0.067884
0 0.537890 0.528402 0.033004 0.060314
0 0.580373 0.523821 0.072233 0.094701
0 0.334873 0.520554 0.041741 0.039973
0 0.302027 0.522523 0.034459 0.039640
0 0.277148 0.523862 0.027378 0.033302
0 0.250491 0.521314 0.031701 0.038453
0 0.230318 0.530562 0.034583 0.041579
0 0.194294 0.529625 0.048992 0.057638
0 0.892466 0.557997 0.213259 0.473909
