0 0.494384 0.604218 0.013184 0.023437
0 0.505590 0.605390 0.019775 0.025781
0 0.518774 0.614765 0.022412 0.021094
0 0.543164 0.608906 0.039551 0.056250
0 0.408032 0.620625 0.011865 0.023437
0 0.398144 0.620625 0.015820 0.023437
0 0.384301 0.626484 0.025049 0.021094
0 0.366504 0.632343 0.023730 0.023437
0 0.347387 0.634687 0.035596 0.032812
0 0.304541 0.644062 0.029004 0.046875
0 0.192149 0.664945 0.059620 0.075516
0 0.116055 0.683234 0.110458 0.107406
0 0.559824 0.630792 0.056689 0.068147
0 0.901279 0.596718 0.156885 0.093750
0 0.065349 0.855703 0.130699 0.283594
0 0.454748 0.613479 0.010723 0.013864
0 0.420142 0.620411 0.009748 0.017330
0 0.430865 0.616079 0.005849 0.019063
0 0.440613 0.613479 0.007798 0.017330
0 0.260980 0.664865 0.088176 0.072072
