0 0.129344 0.589125 0.045352 0.078750
0 0.250407 0.576786 0.018382 0.042823
0 0.269127 0.578202 0.023389 0.036389
0 0.222417 0.572973 0.041653 0.050450
0 0.340809 0.573187 0.014766 0.024375
0 0.351883 0.575062 0.015820 0.031875
0 0.366121 0.576937 0.014766 0.024375
0 0.378778 0.586312 0.018984 0.039375
0 0.396070 0.594233 0.021928 0.038534
0 0.403563 0.601312 0.026367 0.035625
0 0.412528 0.615375 0.023203 0.037500
0 0.306004 0.579243 0.016875 0.023513
0 0.188407 0.577875 0.024258 0.037500
0 0.056571 0.588223 0.112852 0.121947
0 0.438170 0.635734 0.063940 0.080402
0 0.164076 0.581510 0.023139 0.043006
0 0.324470 0.575901 0.022087 0.024307
0 0.289236 0.577770 0.012621 0.031787
