0 0.045594 0.826732 0.091187 0.260847
0 0.146103 0.769528 0.199068 0.183051
0 0.252501 0.745884 0.087521 0.111356
0 0.293687 0.713851 0.085805 0.114407
0 0.345599 0.715376 0.040328 0.080847
0 0.370483 0.719189 0.019735 0.051864
0 0.376774 0.715788 0.028885 0.060316
0 0.651065 0.742257 0.210222 0.140711
0 0.563544 0.719952 0.090095 0.056441
0 0.525361 0.722240 0.058347 0.042712
0 0.518926 0.715376 0.059205 0.041186
0 0.479455 0.715376 0.021451 0.038136
0 0.442130 0.708512 0.013729 0.018305
0 0.458433 0.700122 0.020593 0.016780
0 0.465297 0.714613 0.010297 0.018305
