0 0.475146 0.483559 0.014587 0.019831
0 0.424092 0.479746 0.010297 0.015254
0 0.412405 0.489561 0.014380 0.022681
0 0.398779 0.488898 0.014587 0.039661
0 0.335712 0.495000 0.015445 0.033559
0 0.496510 0.494203 0.014413 0.035017
0 0.520641 0.494270 0.047231 0.056506
0 0.551351 0.509009 0.030405 0.077477
0 0.572128 0.515315 0.049662 0.104505
0 0.615627 0.536407 0.096119 0.116374
0 0.095777 0.549368 0.138851 0.130092
0 0.725676 0.555736 0.182432 0.203844
0 0.240666 0.549015 0.153128 0.181250
0 0.033446 0.563063 0.066892 0.167568
0 0.866845 0.661537 0.263424 0.409346
0 0.374110 0.499119 0.048051 0.061017
0 0.448439 0.482797 0.029174 0.035085
0 0.322804 0.498198 0.021284 0.045045
0 0.305574 0.497297 0.023311 0.057658
