0 0.527534 0.444032 0.012086 0.014324
0 0.512931 0.444032 0.015107 0.021485
0 0.497320 0.444927 0.010071 0.023276
0 0.482213 0.445822 0.024171 0.035809
0 0.472646 0.460146 0.027192 0.039390
0 0.453007 0.464622 0.030214 0.051923
0 0.413704 0.485974 0.052322 0.080304
0 0.361861 0.512069 0.067478 0.100265
0 0.276759 0.538031 0.173226 0.166512
0 0.070801 0.683057 0.139991 0.281101
0 0.549187 0.446718 0.013093 0.019695
0 0.564294 0.455670 0.023164 0.030438
0 0.582423 0.457460 0.027192 0.034019
0 0.596547 0.476104 0.037312 0.085630
0 0.646433 0.495105 0.062442 0.127122
0 0.693207 0.519231 0.123877 0.186207
0 0.852027 0.590991 0.295946 0.353153
0 0.619257 0.490991 0.046622 0.091892
0 0.441385 0.477477 0.027365 0.061261
