0 0.399549 0.551546 0.019716 0.041237
0 0.376933 0.551546 0.025515 0.045361
0 0.353157 0.553608 0.040593 0.053608
0 0.318363 0.565979 0.045232 0.065979
0 0.268492 0.585567 0.075387 0.084536
0 0.084665 0.609910 0.167010 0.176057
0 0.538724 0.550516 0.022036 0.030928
0 0.557281 0.553608 0.024356 0.028866
0 0.578737 0.551546 0.025515 0.041237
0 0.603673 0.551546 0.035954 0.049485
0 0.633514 0.554154 0.036581 0.062947
0 0.673998 0.562374 0.073382 0.089686
0 0.744008 0.585567 0.083505 0.134021
0 0.868106 0.584536 0.231959 0.288660
