0 0.336841 0.352265 0.011865 0.025781
0 0.346979 0.355537 0.017955 0.027637
0 0.358594 0.360468 0.015820 0.046875
0 0.374027 0.365950 0.024504 0.048463
0 0.387106 0.368866 0.029988 0.068357
0 0.404918 0.373407 0.033914 0.072751
1 0.261646 0.337338 0.036536 0.048191
1 0.204767 0.327116 0.079581 0.118921
0 0.175037 0.366587 0.041216 0.052550
0 0.145977 0.366826 0.043272 0.054785
0 0.108198 0.371362 0.060822 0.078525
0 0.052256 0.378984 0.104150 0.091406
1 0.453896 0.380381 0.105868 0.120056
0 0.303490 0.346456 0.031814 0.026618
