0 0.471317 0.474742 0.022417 0.024908
0 0.515131 0.479084 0.017575 0.021637
0 0.531876 0.480224 0.015914 0.034249
0 0.549047 0.490648 0.030154 0.043183
0 0.454504 0.473247 0.011208 0.029889
0 0.439085 0.484120 0.019630 0.047996
0 0.423738 0.491728 0.016927 0.061869
0 0.406876 0.500304 0.028037 0.064076
0 0.394959 0.508118 0.029422 0.079705
0 0.336815 0.504382 0.100876 0.117066
0 0.290580 0.535766 0.126096 0.166882
0 0.593230 0.499210 0.036436 0.085621
0 0.614128 0.516347 0.039034 0.081180
0 0.640793 0.529482 0.064681 0.112314
0 0.742096 0.553261 0.188490 0.211835
0 0.919675 0.615160 0.160651 0.323362
0 0.129458 0.616716 0.257795 0.328782
