0 0.432548 0.451040 0.018721 0.031202
0 0.401420 0.456399 0.047324 0.068497
0 0.352983 0.452080 0.023401 0.029122
0 0.329582 0.454161 0.028082 0.033282
0 0.305596 0.458321 0.019891 0.041602
0 0.279968 0.453049 0.045649 0.049884
0 0.211990 0.465601 0.050313 0.047843
0 0.165187 0.465601 0.059674 0.060324
0 0.086833 0.472273 0.090177 0.069508
0 0.017362 0.481202 0.034724 0.070724
0 0.538727 0.451841 0.018127 0.029600
0 0.552397 0.457516 0.021778 0.043927
0 0.581238 0.455237 0.044280 0.060397
0 0.611317 0.465880 0.044967 0.073361
0 0.651029 0.470437 0.079695 0.088799
0 0.749526 0.496878 0.118420 0.125716
0 0.895279 0.503429 0.209443 0.260279
0 0.499210 0.457144 0.072034 0.128060
