0 0.483302 0.557187 0.010135 0.019405
0 0.470834 0.559363 0.014800 0.023367
0 0.530861 0.559959 0.011695 0.022177
0 0.452662 0.561622 0.020271 0.019405
0 0.497882 0.566473 0.021830 0.029107
0 0.549681 0.572666 0.031872 0.047272
0 0.572165 0.565956 0.015014 0.037903
0 0.587270 0.569290 0.031909 0.052674
0 0.622243 0.572800 0.053233 0.067264
0 0.629111 0.591566 0.044176 0.074303
0 0.667155 0.602975 0.066323 0.108210
0 0.314191 0.570202 0.041699 0.059903
0 0.090128 0.603011 0.117958 0.102737
0 0.271122 0.577284 0.064711 0.072074
0 0.735790 0.621637 0.140336 0.152464
0 0.019563 0.614707 0.039126 0.109497
