0 0.406153 0.445436 0.017206 0.028550
0 0.437124 0.444416 0.012618 0.022432
0 0.439418 0.450534 0.012618 0.030589
0 0.448595 0.454613 0.019501 0.034668
0 0.381490 0.444416 0.016059 0.014275
0 0.382064 0.461022 0.028677 0.030589
0 0.472110 0.475297 0.016059 0.034668
0 0.481287 0.477627 0.018353 0.046903
0 0.490464 0.479667 0.022942 0.046903
0 0.503655 0.482725 0.028677 0.053021
0 0.534053 0.484044 0.055060 0.083012
1 0.869321 0.354235 0.261359 0.421223
1 0.639143 0.488947 0.155996 0.181522
0 0.353960 0.476025 0.025236 0.053021
0 0.341915 0.483162 0.028677 0.067296
0 0.325232 0.486967 0.023043 0.071922
0 0.294220 0.485107 0.063732 0.125402
0 0.223037 0.515407 0.154019 0.150801
0 0.063418 0.565316 0.126836 0.352795
