0 0.617519 0.774375 0.015820 0.028125
0 0.603808 0.784687 0.017930 0.030000
0 0.676582 0.774375 0.007383 0.028125
0 0.685019 0.776250 0.017930 0.043125
0 0.710859 0.792187 0.048516 0.086250
0 0.730371 0.804375 0.039023 0.088125
0 0.753574 0.816562 0.058008 0.108750
0 0.515992 0.826262 0.038469 0.056900
0 0.469336 0.838125 0.059062 0.088125
0 0.583393 0.794330 0.027422 0.035625
0 0.664679 0.776518 0.017930 0.022500
0 0.821963 0.846172 0.154186 0.166681
0 0.422085 0.868635 0.078147 0.095356
0 0.267005 0.921250 0.144492 0.157500
0 0.121550 0.946860 0.204609 0.100694
0 0.016608 0.970957 0.032695 0.052500
0 0.956758 0.913750 0.086484 0.172500
