0 0.079107 0.685335 0.158214 0.242828
0 0.963932 0.732298 0.072136 0.305436
0 0.812631 0.583220 0.287232 0.371834
0 0.495859 0.520801 0.015077 0.032015
0 0.501707 0.525949 0.016722 0.038099
0 0.520359 0.528991 0.026384 0.048395
0 0.535309 0.535457 0.025122 0.050362
0 0.561327 0.539554 0.051502 0.068775
0 0.627783 0.562066 0.087114 0.120729
0 0.456941 0.513832 0.014622 0.024262
0 0.439194 0.514165 0.010307 0.021462
0 0.424832 0.523343 0.014740 0.032887
0 0.414445 0.529544 0.015412 0.038355
0 0.398274 0.536861 0.020113 0.046057
0 0.378756 0.543189 0.023969 0.058714
0 0.343988 0.549224 0.069018 0.095046
0 0.512821 0.519684 0.018008 0.050628
