0 0.450219 0.253763 0.029621 0.044568
0 0.385112 0.254105 0.032259 0.040327
0 0.324594 0.260619 0.038785 0.051713
0 0.348835 0.268417 0.052175 0.062384
0 0.418665 0.269358 0.046416 0.058862
0 0.541409 0.240374 0.005669 0.023181
0 0.548659 0.242899 0.008829 0.026194
0 0.553744 0.245300 0.009346 0.027439
0 0.563562 0.246642 0.021457 0.033700
0 0.499047 0.308953 0.100049 0.140514
0 0.688640 0.245810 0.049024 0.049802
0 0.793192 0.259150 0.112055 0.101383
0 0.206902 0.274269 0.148073 0.170751
0 0.026513 0.392375 0.053026 0.381179
