0 0.463555 0.573074 0.012871 0.027042
0 0.473501 0.574114 0.011701 0.033282
0 0.483446 0.578275 0.015211 0.033282
0 0.492807 0.576195 0.015211 0.037442
0 0.502752 0.576195 0.014041 0.037442
0 0.586997 0.591795 0.046803 0.110247
0 0.677093 0.588675 0.184871 0.195532
0 0.378140 0.572034 0.012871 0.029122
0 0.365549 0.574881 0.018423 0.034476
0 0.348952 0.570889 0.017680 0.047632
0 0.324825 0.571434 0.020362 0.049990
0 0.191815 0.573579 0.088983 0.130954
0 0.104600 0.596103 0.120805 0.134097
0 0.294362 0.574746 0.051248 0.063667
0 0.443847 0.574881 0.017938 0.029304
0 0.396861 0.574114 0.017551 0.024961
0 0.523920 0.573056 0.039996 0.054477
0 0.026518 0.615088 0.053036 0.150606
0 0.846720 0.679799 0.306559 0.265871
0 0.335733 0.569279 0.019877 0.052575
