0 0.125750 0.713126 0.070186 0.060655
0 0.180829 0.700865 0.038014 0.047051
0 0.215669 0.690219 0.033616 0.040615
0 0.261426 0.681688 0.039347 0.043813
0 0.237318 0.684955 0.018427 0.032041
0 0.924011 0.711378 0.151978 0.243479
0 0.746215 0.674134 0.108204 0.114377
0 0.686722 0.659403 0.059403 0.088384
0 0.644674 0.654834 0.045494 0.069793
0 0.627247 0.636524 0.047681 0.068288
0 0.597716 0.642224 0.029250 0.059428
0 0.581723 0.638989 0.020971 0.052959
0 0.361631 0.642899 0.025071 0.040519
0 0.377395 0.640535 0.010256 0.026337
0 0.394505 0.639510 0.020861 0.024335
0 0.769611 0.604357 0.086758 0.063302
0 0.425448 0.629393 0.012915 0.018909
0 0.443301 0.632431 0.015195 0.022285
0 0.536725 0.635752 0.016759 0.023749
