0 0.474810 0.603605 0.015901 0.024992
0 0.488546 0.604883 0.013673 0.033657
0 0.416500 0.590859 0.010518 0.024307
0 0.407034 0.595534 0.010518 0.029917
0 0.399145 0.595534 0.015776 0.037396
0 0.390070 0.604121 0.020765 0.028393
0 0.375125 0.600945 0.014758 0.040418
0 0.362836 0.604636 0.020989 0.044382
0 0.347083 0.608622 0.033657 0.059834
0 0.514622 0.615550 0.024661 0.030740
0 0.312901 0.614232 0.055744 0.074792
0 0.891898 0.671215 0.120953 0.073013
0 0.042478 0.620493 0.084957 0.083575
0 0.991060 0.675935 0.017880 0.056094
0 0.509095 0.605471 0.030614 0.040818
