0 0.199399 0.505494 0.043021 0.049802
0 0.265431 0.537510 0.069034 0.092490
0 0.305451 0.533953 0.017008 0.028459
0 0.328462 0.541067 0.031015 0.035573
0 0.360478 0.551739 0.039019 0.046245
0 0.394495 0.558854 0.037018 0.053360
0 0.449022 0.557965 0.082041 0.083597
0 0.520057 0.583755 0.108053 0.103162
0 0.634614 0.621107 0.157078 0.128063
0 0.815703 0.686917 0.249123 0.263241
0 0.050325 0.444131 0.023011 0.033794
0 0.069834 0.470810 0.028014 0.033794
0 0.011906 0.460138 0.023812 0.033794
0 0.006403 0.495712 0.012806 0.040909
0 0.116357 0.525059 0.093046 0.145850
0 0.176440 0.471374 0.037043 0.038126
0 0.226155 0.493903 0.021446 0.045058
0 0.120389 0.438447 0.020471 0.017330
0 0.081884 0.438447 0.035093 0.031194
0 0.178390 0.438447 0.044841 0.027728
0 0.120876 0.417651 0.027295 0.024262
