0 0.371494 0.482270 0.017985 0.044408
0 0.355507 0.484934 0.017985 0.046184
0 0.347014 0.491151 0.018984 0.037303
0 0.331028 0.490263 0.024979 0.049737
0 0.480405 0.468947 0.015987 0.031974
0 0.490896 0.470724 0.016986 0.035526
0 0.423951 0.478717 0.016986 0.026645
0 0.442935 0.480493 0.018984 0.026645
0 0.622787 0.518684 0.082932 0.135000
0 0.194140 0.500921 0.122899 0.092368
0 0.750682 0.516020 0.244799 0.271776
0 0.299054 0.493816 0.048960 0.067500
0 0.512878 0.478717 0.046961 0.069276
0 0.399971 0.480493 0.026978 0.044408
0 0.889512 0.636874 0.215433 0.355263
0 0.071741 0.513355 0.141883 0.468947
