0 0.492171 0.486729 0.018365 0.024486
0 0.477020 0.490810 0.010101 0.013059
0 0.446259 0.486729 0.018365 0.024486
0 0.429731 0.481016 0.018365 0.035913
0 0.405857 0.469589 0.036729 0.062031
0 0.380147 0.489178 0.025710 0.032648
0 0.339745 0.500605 0.073458 0.111004
0 0.207979 0.504414 0.075295 0.081620
0 0.714841 0.534885 0.126716 0.120798
0 0.273173 0.498700 0.061521 0.066929
0 0.113401 0.511759 0.089068 0.099577
0 0.509158 0.488090 0.013773 0.022854
0 0.519258 0.496252 0.013773 0.026119
0 0.527063 0.497068 0.018365 0.034281
0 0.533950 0.501149 0.022956 0.029383
0 0.557518 0.507134 0.026629 0.042443
0 0.577260 0.508767 0.031220 0.048972
0 0.596696 0.514480 0.037647 0.066929
0 0.637098 0.518561 0.056012 0.081620
0 0.040861 0.528083 0.081722 0.112636
