0 0.282136 0.443596 0.032517 0.035705
0 0.263964 0.458218 0.034430 0.052708
0 0.228578 0.469270 0.043994 0.054408
0 0.191278 0.479471 0.040168 0.061209
0 0.140590 0.486272 0.070773 0.088413
0 0.063600 0.489673 0.085119 0.129219
0 0.021041 0.494774 0.042081 0.146222
0 0.471501 0.421663 0.026779 0.030605
0 0.488716 0.449717 0.038256 0.056108
0 0.518843 0.459918 0.039212 0.079912
0 0.665649 0.468420 0.084163 0.110516
0 0.745795 0.480321 0.145372 0.127519
0 0.571923 0.469270 0.109029 0.149622
0 0.379496 0.556833 0.237185 0.331549
0 0.882499 0.504975 0.231447 0.567884
