0 0.957908 0.724391 0.083178 0.346598
0 0.631188 0.477439 0.071161 0.119576
1 0.215920 0.454044 0.094556 0.124775
1 0.279770 0.453177 0.052640 0.095315
1 0.319250 0.454044 0.036068 0.069320
0 0.350443 0.467041 0.020471 0.029461
0 0.367503 0.470507 0.009748 0.025995
0 0.399184 0.463575 0.018521 0.029461
1 0.416243 0.459243 0.015597 0.034660
1 0.432327 0.457510 0.012673 0.027728
1 0.628751 0.443646 0.076035 0.114377
1 0.565684 0.461127 0.031786 0.069621
1 0.543455 0.459243 0.018521 0.038126
0 0.483505 0.470507 0.029244 0.036393
0 0.452311 0.464442 0.015597 0.020796
0 0.505438 0.469641 0.014622 0.017330
