0 0.501880 0.522688 0.024345 0.053268
0 0.519203 0.531011 0.027154 0.059926
0 0.550570 0.536005 0.050563 0.066584
0 0.569297 0.547657 0.046817 0.069914
0 0.620796 0.551819 0.082398 0.108200
0 0.711129 0.571230 0.143310 0.150352
0 0.364706 0.506874 0.021536 0.021640
0 0.335679 0.515535 0.014045 0.015657
0 0.323975 0.517694 0.014982 0.016646
0 0.302439 0.521856 0.035581 0.024969
0 0.262176 0.519359 0.029963 0.043280
0 0.243449 0.531011 0.033708 0.049938
0 0.215359 0.534340 0.031836 0.046609
0 0.181900 0.537927 0.053810 0.047124
0 0.045881 0.574291 0.091762 0.096547
0 0.858628 0.632553 0.265922 0.186437
0 0.425016 0.579686 0.144272 0.213158
