0 0.444002 0.439839 0.008574 0.017419
0 0.463599 0.437661 0.008574 0.021774
0 0.429917 0.446371 0.009798 0.013065
0 0.442777 0.455081 0.011023 0.021774
0 0.420119 0.461613 0.014698 0.017419
0 0.443390 0.470323 0.012248 0.013065
0 0.464211 0.476855 0.022046 0.030484
0 0.410933 0.490460 0.028170 0.038112
0 0.328871 0.498629 0.045318 0.056613
0 0.276817 0.505161 0.061240 0.069677
0 0.371326 0.502577 0.061639 0.064509
1 0.037369 0.508427 0.074713 0.185081
0 0.512735 0.492069 0.058918 0.068485
1 0.835962 0.472500 0.327070 0.439839
