0 0.355078 0.787500 0.016875 0.015000
0 0.327656 0.782812 0.016875 0.031875
0 0.313418 0.782812 0.020039 0.035625
0 0.299180 0.785625 0.018984 0.033750
0 0.278613 0.792187 0.026367 0.043125
0 0.250664 0.795000 0.031641 0.045000
0 0.220605 0.799687 0.041133 0.046875
0 0.175347 0.819375 0.072587 0.078750
0 0.061348 0.825000 0.114961 0.142500
0 0.428379 0.782812 0.022148 0.028125
0 0.446308 0.788437 0.015820 0.028125
0 0.462656 0.788437 0.027422 0.035625
0 0.488496 0.787500 0.030586 0.052500
0 0.511699 0.790312 0.045352 0.069375
0 0.538594 0.802500 0.054844 0.075000
0 0.569179 0.816562 0.056953 0.095625
0 0.654961 0.847500 0.124453 0.165000
0 0.850440 0.889687 0.292148 0.200625
0 0.380050 0.792187 0.011602 0.016875
