0 0.068656 0.648999 0.135728 0.158089
0 0.906427 0.698922 0.180191 0.524191
0 0.127160 0.630278 0.098286 0.137288
0 0.353568 0.590755 0.040952 0.091525
0 0.378725 0.548113 0.039782 0.047843
0 0.438984 0.554353 0.012871 0.027042
0 0.487541 0.539792 0.011701 0.018721
0 0.495732 0.556433 0.014041 0.035362
0 0.513283 0.556433 0.025742 0.064484
0 0.527324 0.558513 0.039782 0.085285
0 0.535514 0.574114 0.028082 0.079045
0 0.578222 0.574114 0.078395 0.124807
0 0.596358 0.589715 0.067864 0.139368
0 0.732086 0.608436 0.269116 0.301618
0 0.230126 0.657319 0.259756 0.249615
0 0.405637 0.581395 0.072544 0.101926
0 0.475256 0.556433 0.031592 0.056163
0 0.453609 0.556433 0.018721 0.031202
