0 0.384470 0.467995 0.024866 0.027204
0 0.466719 0.475646 0.009564 0.022103
0 0.529841 0.479046 0.068860 0.124118
0 0.581965 0.498599 0.102334 0.163224
0 0.680760 0.525378 0.175976 0.231234
0 0.427986 0.478196 0.064078 0.098615
0 0.350518 0.462894 0.048776 0.071411
0 0.307480 0.464594 0.037299 0.044207
0 0.256791 0.456093 0.044950 0.057809
0 0.206103 0.466294 0.041125 0.040806
0 0.152545 0.466294 0.027735 0.027204
0 0.098030 0.462894 0.073642 0.044207
0 0.023910 0.455243 0.047820 0.049307
0 0.850711 0.544931 0.296482 0.360454
