0 0.436451 0.500531 0.012614 0.040365
0 0.371236 0.501652 0.040618 0.042608
0 0.248752 0.520714 0.050457 0.058306
0 0.312454 0.513986 0.079469 0.103156
0 0.406051 0.498289 0.013876 0.017940
0 0.501919 0.494925 0.008830 0.020183
0 0.517056 0.499410 0.031535 0.051578
0 0.471645 0.490440 0.039104 0.056063
0 0.480475 0.483712 0.031535 0.056063
0 0.615951 0.498289 0.049195 0.062791
0 0.595138 0.492682 0.012614 0.051578
0 0.654424 0.496046 0.037843 0.053821
0 0.525129 0.464651 0.018921 0.026910
0 0.173445 0.521162 0.122358 0.116611
0 0.461427 0.505465 0.052980 0.076246
0 0.560449 0.486403 0.069378 0.123339
0 0.938046 0.635916 0.122358 0.340864
0 0.020813 0.471378 0.041627 0.179402
