0 0.198810 0.724204 0.054575 0.051283
0 0.348502 0.710344 0.057694 0.070688
0 0.446737 0.704800 0.023389 0.031879
0 0.534057 0.712423 0.035864 0.049897
0 0.235843 0.712423 0.035084 0.063758
0 0.266639 0.706186 0.037423 0.048511
0 0.312248 0.711730 0.028847 0.037423
0 0.379687 0.702027 0.009356 0.037423
0 0.391382 0.703413 0.017152 0.031879
0 0.425686 0.704800 0.023389 0.031879
0 0.510278 0.711730 0.014813 0.040195
0 0.500143 0.710344 0.008576 0.026335
0 0.495465 0.703413 0.013254 0.029107
0 0.486109 0.704107 0.014813 0.024949
0 0.982121 0.743957 0.033590 0.083175
