0 0.489461 0.332143 0.024968 0.036735
0 0.443618 0.367378 0.063931 0.085777
0 0.921668 0.399490 0.061129 0.073469
0 0.988393 0.439286 0.020663 0.079592
0 0.295227 0.274592 0.009471 0.018367
0 0.305558 0.283010 0.012915 0.022959
0 0.320625 0.291429 0.015497 0.024490
0 0.343871 0.301378 0.015497 0.032143
0 0.361091 0.309031 0.013776 0.038265
0 0.403364 0.309949 0.016358 0.021429
0 0.382271 0.316072 0.025829 0.042857
0 0.335348 0.290816 0.012915 0.026020
0 0.614445 0.339031 0.035013 0.032143
0 0.096286 0.284137 0.055355 0.044353
0 0.168793 0.291761 0.028847 0.034651
0 0.232724 0.300770 0.031965 0.036037
