0 0.502270 0.415052 0.013647 0.020796
0 0.480824 0.412452 0.017547 0.025995
0 0.442806 0.421117 0.017547 0.032927
0 0.425260 0.421117 0.031194 0.036393
0 0.389679 0.425449 0.053614 0.069320
0 0.469614 0.428049 0.047766 0.064121
0 0.336552 0.417651 0.021446 0.043325
0 0.291711 0.436714 0.105279 0.143838
0 0.516892 0.418518 0.019496 0.027728
0 0.570506 0.419384 0.029244 0.060655
0 0.578305 0.427182 0.021446 0.055456
0 0.596826 0.427182 0.033143 0.069320
0 0.635331 0.428915 0.055564 0.090116
0 0.688945 0.427182 0.099430 0.121309
0 0.752795 0.456643 0.129649 0.128241
0 0.031664 0.404406 0.062388 0.081451
0 0.151565 0.512718 0.302190 0.305007
