0 0.365101 0.509110 0.011155 0.015254
0 0.379258 0.513686 0.013729 0.018305
0 0.374968 0.533517 0.013729 0.012203
0 0.407145 0.520551 0.016303 0.019831
0 0.124231 0.532444 0.132512 0.141244
0 0.362526 0.525890 0.009439 0.021356
0 0.426880 0.531857 0.033464 0.047019
0 0.344507 0.521201 0.033464 0.047513
0 0.251409 0.532754 0.118411 0.158644
0 0.470212 0.538093 0.046335 0.080847
0 0.488270 0.548447 0.067007 0.078574
0 0.569770 0.572832 0.116743 0.132020
0 0.907483 0.731632 0.183045 0.339122
2 0.397814 0.514504 0.017161 0.036610
