0 0.577574 0.446245 0.010723 0.015597
0 0.544430 0.447978 0.012673 0.025995
0 0.500692 0.449711 0.040247 0.046791
0 0.454619 0.462709 0.032427 0.038126
0 0.353368 0.481772 0.051665 0.069320
0 0.285131 0.491303 0.100405 0.102247
0 0.123801 0.583152 0.245652 0.379525
1 0.614129 0.445379 0.015597 0.045058
1 0.635575 0.442779 0.031194 0.046791
0 0.639887 0.462709 0.035920 0.041592
0 0.684637 0.480752 0.032499 0.077678
0 0.719896 0.487837 0.063363 0.109178
0 0.795931 0.508817 0.145246 0.144206
0 0.917614 0.557695 0.159228 0.236344
