0 0.414293 0.488415 0.021446 0.036393
0 0.360191 0.478883 0.016572 0.020796
0 0.344595 0.478883 0.014622 0.020796
0 0.315805 0.484082 0.040942 0.038126
0 0.279770 0.483216 0.027295 0.036393
0 0.246139 0.477150 0.043866 0.048524
0 0.198373 0.476150 0.051665 0.059625
0 0.154092 0.479074 0.042746 0.065473
0 0.095159 0.485815 0.047536 0.055456
0 0.044320 0.681355 0.088639 0.404942
0 0.505438 0.483794 0.030219 0.050257
0 0.454260 0.485527 0.031194 0.050257
0 0.387486 0.493325 0.043866 0.072786
0 0.596335 0.497456 0.050196 0.078387
