0 0.436300 0.534375 0.029531 0.037500
0 0.462667 0.533437 0.031641 0.061875
0 0.490089 0.540937 0.056953 0.084375
0 0.524894 0.553125 0.075937 0.101250
0 0.541769 0.585000 0.063281 0.086250
0 0.638524 0.594745 0.176636 0.198009
0 0.845827 0.688882 0.303132 0.492764
0 0.357198 0.547500 0.025312 0.045000
0 0.339796 0.555937 0.030586 0.061875
0 0.302882 0.575530 0.072773 0.119810
0 0.224835 0.597757 0.119180 0.198013
0 0.105128 0.632812 0.206719 0.305625
0 0.021281 0.772500 0.041133 0.225000
0 0.407296 0.525000 0.022148 0.033750
