1 0.173717 0.407987 0.345249 0.812854
0 0.399121 0.502499 0.018941 0.032840
0 0.382173 0.506732 0.018399 0.035184
0 0.363821 0.507904 0.020663 0.043651
0 0.345930 0.512903 0.017599 0.044464
0 0.430485 0.493623 0.012054 0.016837
0 0.434359 0.495153 0.009471 0.016837
0 0.468368 0.487500 0.008610 0.016837
0 0.991392 0.541126 0.015865 0.078109
0 0.523087 0.499091 0.025829 0.068878
0 0.488013 0.495105 0.013776 0.018367
0 0.456157 0.495871 0.027551 0.044388
0 0.419997 0.495105 0.017219 0.021429
0 0.548230 0.506798 0.067053 0.099917
