0 0.443010 0.418231 0.007569 0.033638
0 0.343737 0.500083 0.026490 0.026910
0 0.303371 0.511295 0.013876 0.031395
0 0.291388 0.511322 0.020183 0.040419
0 0.271205 0.512683 0.025228 0.052111
0 0.254807 0.516287 0.027751 0.059318
0 0.224151 0.522133 0.048320 0.065644
0 0.165692 0.521951 0.082129 0.102043
0 0.112014 0.532302 0.095868 0.113774
0 0.400122 0.501204 0.017660 0.020183
0 0.420936 0.510174 0.029013 0.042608
0 0.460670 0.500083 0.015137 0.022425
0 0.482745 0.504568 0.041627 0.031395
0 0.534935 0.522593 0.028779 0.061120
0 0.586938 0.519144 0.023967 0.042608
0 0.607752 0.524750 0.040365 0.044850
0 0.737285 0.563964 0.147052 0.129730
0 0.037212 0.540046 0.074424 0.152492
0 0.987187 0.562873 0.025228 0.080731
0 0.927365 0.545556 0.123649 0.098077
0 0.843871 0.532790 0.086713 0.088413
0 0.661318 0.548649 0.090203 0.120721
0 0.516385 0.522523 0.025338 0.043243
