0 0.247854 0.558131 0.129773 0.152127
0 0.505254 0.537874 0.058597 0.072283
0 0.915624 0.553313 0.167400 0.126446
0 0.403007 0.479941 0.007175 0.017008
0 0.418553 0.479941 0.014350 0.012756
0 0.432904 0.484193 0.007175 0.021260
0 0.442471 0.489508 0.009567 0.023386
0 0.450244 0.494823 0.005979 0.025512
0 0.468938 0.508108 0.029017 0.050450
0 0.481647 0.518096 0.040085 0.059303
0 0.310925 0.509705 0.033484 0.029764
0 0.020244 0.528915 0.039464 0.074409
0 0.072862 0.522537 0.065773 0.065906
0 0.122491 0.520411 0.047835 0.048898
0 0.166738 0.512970 0.052618 0.042520
0 0.205006 0.492773 0.021526 0.031890
