0 0.409162 0.492514 0.011462 0.017830
0 0.413461 0.512891 0.014328 0.028019
0 0.411311 0.535816 0.015761 0.022925
0 0.437716 0.547642 0.012895 0.028019
0 0.452043 0.555284 0.015761 0.048396
0 0.467088 0.559104 0.014328 0.056038
0 0.483601 0.571010 0.018553 0.054377
0 0.510127 0.575514 0.045961 0.063386
0 0.380404 0.510708 0.010029 0.020377
0 0.373240 0.528538 0.018626 0.020377
0 0.359629 0.552736 0.022925 0.028019
0 0.327160 0.556005 0.026761 0.044746
0 0.295444 0.563585 0.039537 0.054811
0 0.262366 0.573123 0.048381 0.078980
0 0.222159 0.585952 0.057156 0.089357
0 0.165487 0.593491 0.098862 0.094245
0 0.082794 0.595674 0.165589 0.198679
0 0.883414 0.712844 0.232111 0.412642
