0 0.594294 0.509759 0.017226 0.022968
0 0.634846 0.512949 0.012202 0.016588
0 0.646689 0.517415 0.017226 0.022968
0 0.663556 0.518691 0.019379 0.030624
0 0.689178 0.518020 0.030428 0.052249
0 0.719264 0.523885 0.045256 0.069347
0 0.760787 0.533494 0.056033 0.075355
0 0.615427 0.521336 0.033016 0.038280
0 0.556572 0.518784 0.028710 0.043384
0 0.544370 0.504110 0.011484 0.021692
0 0.355603 0.512404 0.020097 0.025520
0 0.332277 0.511766 0.026557 0.031900
0 0.307155 0.519422 0.023686 0.047212
0 0.281675 0.519422 0.035887 0.065076
0 0.249377 0.520060 0.040194 0.061248
0 0.207389 0.520060 0.050960 0.066352
0 0.180473 0.518784 0.060291 0.079112
0 0.089940 0.526440 0.122212 0.104631
0 0.387543 0.523888 0.063879 0.071456
0 0.477261 0.514318 0.027992 0.034452
0 0.019257 0.531532 0.038514 0.129730
0 0.852872 0.537838 0.037500 0.048649
