0 0.319442 0.404751 0.011208 0.017435
0 0.306832 0.407242 0.014011 0.027399
0 0.274155 0.421622 0.015203 0.021622
0 0.261161 0.423931 0.020921 0.027814
0 0.242471 0.430631 0.019789 0.036036
0 0.218832 0.434662 0.028553 0.042387
0 0.177872 0.435135 0.055743 0.052252
0 0.160422 0.440867 0.054641 0.034871
0 0.123994 0.446507 0.051839 0.051131
0 0.071394 0.451223 0.098194 0.070527
0 0.017736 0.478940 0.035473 0.053375
0 0.334854 0.404751 0.014011 0.022417
0 0.353067 0.398524 0.008406 0.019926
0 0.360773 0.404751 0.009807 0.027399
0 0.371982 0.410978 0.012610 0.029889
0 0.414714 0.430904 0.047636 0.034871
0 0.433628 0.432150 0.065850 0.052306
0 0.460249 0.440867 0.077058 0.084686
0 0.491072 0.452076 0.119090 0.092159
0 0.583542 0.454567 0.191945 0.117066
0 0.627675 0.481965 0.190544 0.127030
0 0.801407 0.405996 0.095272 0.069742
0 0.743964 0.398524 0.022417 0.024908
0 0.984806 0.341236 0.026620 0.154428
0 0.972196 0.409733 0.054641 0.112085
0 0.288345 0.418018 0.017230 0.021622
