0 0.157117 0.555395 0.034044 0.072291
0 0.194944 0.558757 0.066197 0.082379
0 0.361382 0.548670 0.052958 0.099190
0 0.455633 0.539999 0.042868 0.095298
0 0.555904 0.531402 0.061841 0.108366
0 0.637541 0.543306 0.159819 0.152989
0 0.085741 0.574408 0.102133 0.107596
0 0.792473 0.559602 0.222233 0.229114
1 0.385078 0.494476 0.073197 0.165166
0 0.283010 0.555553 0.141413 0.240246
0 0.025431 0.581893 0.048462 0.165944
0 0.951703 0.618585 0.095242 0.224557
0 0.491212 0.553236 0.090827 0.095294
0 0.577703 0.540541 0.044595 0.108108
