0 0.481799 0.444512 0.024370 0.038126
0 0.429647 0.415052 0.040942 0.031194
0 0.444269 0.458376 0.058488 0.083184
0 0.370671 0.471374 0.104304 0.171566
0 0.281963 0.454910 0.043866 0.062388
0 0.202516 0.465308 0.146221 0.173299
0 0.117708 0.453177 0.046791 0.079718
0 0.064572 0.485238 0.129145 0.149037
0 0.528816 0.465308 0.035093 0.064121
0 0.546362 0.467041 0.031194 0.077985
0 0.566833 0.467041 0.044841 0.098781
0 0.599489 0.473973 0.063363 0.119576
0 0.685273 0.488704 0.151095 0.187163
0 0.851965 0.536361 0.291468 0.355263
