0 0.545750 0.512602 0.011455 0.015448
0 0.520714 0.509337 0.024398 0.029984
0 0.390145 0.525548 0.018527 0.033475
0 0.360221 0.530859 0.043157 0.045707
0 0.309842 0.534940 0.040098 0.050605
0 0.267755 0.547183 0.058767 0.058767
0 0.202286 0.542122 0.074377 0.081947
0 0.646874 0.509251 0.019687 0.028610
0 0.668019 0.514534 0.034327 0.032648
0 0.692069 0.517833 0.037647 0.039111
0 0.789754 0.521880 0.082428 0.089782
0 0.593359 0.556711 0.106515 0.163774
0 0.075606 0.618225 0.148356 0.257312
0 0.944908 0.551600 0.107433 0.186094
0 0.490254 0.515762 0.014219 0.020364
0 0.461223 0.519834 0.021724 0.013061
0 0.407110 0.528822 0.016194 0.027386
0 0.419157 0.523556 0.015009 0.029492
0 0.431797 0.524609 0.011060 0.024577
0 0.441869 0.522503 0.011455 0.023172
