0 0.337377 0.785077 0.031686 0.029264
0 0.309874 0.791442 0.023319 0.037669
0 0.138250 0.830420 0.130122 0.121875
0 0.429737 0.775323 0.009366 0.027638
0 0.438881 0.780400 0.008924 0.031290
0 0.451119 0.784659 0.022852 0.036603
0 0.464302 0.789795 0.021094 0.040625
0 0.481778 0.797270 0.026572 0.050398
0 0.507851 0.802554 0.041223 0.086978
0 0.543708 0.807641 0.068129 0.104442
0 0.573287 0.829745 0.063281 0.116974
0 0.660384 0.841676 0.147485 0.199363
0 0.841971 0.869562 0.313783 0.256409
0 0.389457 0.792228 0.036444 0.054509
0 0.275581 0.786296 0.045267 0.069095
