0 0.264300 0.519764 0.096676 0.099795
0 0.341225 0.503781 0.035344 0.053968
0 0.522096 0.534635 0.077432 0.101816
0 0.034813 0.484044 0.069264 0.064393
0 0.100054 0.483168 0.061332 0.053786
0 0.187961 0.485766 0.054754 0.044457
0 0.801827 0.537950 0.051354 0.047462
0 0.731215 0.527783 0.059524 0.042175
0 0.912965 0.626553 0.173081 0.268763
0 0.365377 0.501540 0.019718 0.035626
0 0.593201 0.508579 0.027428 0.025283
0 0.560627 0.503641 0.021380 0.024783
0 0.640762 0.514995 0.044351 0.024899
0 0.480863 0.507941 0.018674 0.033199
0 0.465398 0.505866 0.014589 0.016599
0 0.451393 0.508459 0.018091 0.030086
0 0.420755 0.510016 0.023343 0.029049
0 0.407041 0.501716 0.020425 0.029049
0 0.436512 0.499641 0.012839 0.018674
0 0.320673 0.491341 0.006419 0.010375
0 0.353936 0.479929 0.009921 0.014524
0 0.380489 0.473186 0.031513 0.023862
0 0.394494 0.487710 0.014006 0.023862
0 0.380197 0.497047 0.013422 0.021787
0 0.431259 0.488748 0.019841 0.005187
