0 0.211447 0.410574 0.049707 0.072054
0 0.196917 0.419411 0.040531 0.067976
0 0.165564 0.426208 0.043589 0.087009
0 0.111650 0.426888 0.078002 0.129154
0 0.045119 0.456118 0.090238 0.174018
0 0.257713 0.399698 0.029060 0.042145
0 0.433983 0.404718 0.040531 0.042981
0 0.495161 0.418051 0.078767 0.103323
0 0.544104 0.444562 0.098650 0.115559
0 0.667433 0.471752 0.228305 0.235196
0 0.936329 0.618607 0.126180 0.290937
0 0.307601 0.386496 0.072305 0.030501
0 0.355395 0.381049 0.014706 0.019608
0 0.374390 0.383228 0.013481 0.015251
0 0.397675 0.388130 0.029412 0.025055
0 0.413606 0.396844 0.011030 0.029412
