0 0.193664 0.694266 0.106032 0.131673
0 0.291509 0.683870 0.084981 0.085934
0 0.350259 0.664629 0.039210 0.071747
0 0.392084 0.657536 0.045999 0.060986
0 0.419423 0.649782 0.024066 0.054316
0 0.441201 0.653378 0.021050 0.041581
0 0.454415 0.647997 0.016453 0.038483
0 0.470438 0.648526 0.014034 0.029107
0 0.881153 0.654405 0.125051 0.129571
0 0.803035 0.651299 0.056134 0.084548
0 0.752748 0.639517 0.042881 0.060986
0 0.714155 0.636052 0.032745 0.056827
0 0.678681 0.615955 0.035084 0.055441
0 0.595350 0.617259 0.034488 0.019926
