0 0.602679 0.618026 0.014657 0.015328
0 0.520116 0.623217 0.032288 0.042520
0 0.483045 0.627469 0.063381 0.068032
0 0.309508 0.672793 0.140188 0.147462
0 0.640301 0.613650 0.016742 0.023386
0 0.654054 0.613650 0.025113 0.040394
0 0.672589 0.620028 0.021526 0.044646
0 0.698301 0.623217 0.037072 0.063780
0 0.741352 0.638099 0.070556 0.093543
0 0.790980 0.648729 0.088494 0.127559
0 0.877424 0.661485 0.150679 0.221102
0 0.945533 0.688774 0.107516 0.285580
0 0.569053 0.618026 0.038799 0.027590
0 0.617767 0.610362 0.008622 0.012262
