0 0.021548 0.400151 0.043096 0.035347
0 0.130768 0.387462 0.041295 0.027190
0 0.274537 0.369788 0.013765 0.021752
0 0.253507 0.369109 0.023707 0.025831
0 0.232477 0.371148 0.019883 0.029909
0 0.627132 0.341530 0.009941 0.023112
0 0.638603 0.342889 0.017589 0.028550
0 0.655638 0.346660 0.014896 0.046658
0 0.670534 0.358661 0.034757 0.065531
0 0.791548 0.344249 0.031354 0.039426
0 0.962410 0.339782 0.074179 0.050302
0 0.880967 0.343181 0.039766 0.046224
0 0.823994 0.334344 0.049707 0.033988
0 0.728441 0.365271 0.093825 0.101535
0 0.606340 0.334049 0.008512 0.013871
