0 0.208609 0.721791 0.033143 0.060655
0 0.178390 0.720925 0.029244 0.055456
0 0.158406 0.728723 0.032169 0.071053
0 0.139885 0.744320 0.020471 0.071053
0 0.299796 0.700438 0.028355 0.035279
0 0.245652 0.738254 0.066287 0.069320
0 0.729644 0.772914 0.215433 0.235687
0 0.431352 0.696663 0.030219 0.041592
0 0.357754 0.714859 0.037043 0.053723
0 0.884151 0.796310 0.228105 0.396855
2 0.065312 0.707061 0.130624 0.450578
0 0.241914 0.695202 0.018015 0.016013
0 0.253816 0.693486 0.012224 0.012582
0 0.409137 0.688817 0.025206 0.032263
