0 0.124235 0.496110 0.069034 0.060324
0 0.245244 0.476160 0.037257 0.054460
0 0.321909 0.462359 0.015347 0.026105
0 0.518123 0.521071 0.138388 0.210093
0 0.390807 0.508590 0.069442 0.085285
0 0.678130 0.509141 0.051749 0.061424
0 0.849093 0.552273 0.093606 0.064484
0 0.035821 0.479195 0.070224 0.045397
0 0.157827 0.472259 0.041851 0.016394
0 0.211736 0.455235 0.030501 0.015132
0 0.270966 0.447669 0.019861 0.017655
0 0.290473 0.443256 0.016315 0.013871
0 0.313881 0.438211 0.024827 0.018916
0 0.338707 0.434428 0.016315 0.018916
0 0.404676 0.458388 0.024827 0.034048
0 0.456457 0.499372 0.024827 0.060530
0 0.438724 0.489914 0.023408 0.046658
0 0.367081 0.445778 0.013477 0.013871
