0 0.398969 0.463299 0.023196 0.039175
0 0.348750 0.468866 0.075851 0.090722
1 0.557629 0.483093 0.062629 0.084536
0 0.609820 0.514021 0.062629 0.101031
0 0.573996 0.501512 0.037317 0.084811
0 0.679556 0.514562 0.128184 0.176272
0 0.819510 0.560275 0.242165 0.334296
0 0.952214 0.625709 0.089304 0.437113
0 0.257860 0.502148 0.101755 0.135937
0 0.143082 0.532395 0.207908 0.224557
0 0.034642 0.591340 0.069283 0.226804
0 0.446405 0.450309 0.010438 0.020619
0 0.462480 0.459843 0.013184 0.018750
0 0.499760 0.471007 0.045574 0.040510
