0 0.743291 0.371727 0.038018 0.057189
0 0.809091 0.374326 0.031194 0.048524
0 0.837360 0.377792 0.046791 0.065854
0 0.622826 0.339395 0.032992 0.028270
0 0.626801 0.356130 0.025345 0.036393
0 0.588784 0.346598 0.017547 0.020796
0 0.496653 0.362656 0.059441 0.044136
0 0.383099 0.371727 0.070186 0.081451
0 0.322174 0.379525 0.082859 0.079718
0 0.222256 0.384724 0.152070 0.128241
0 0.061900 0.382125 0.123801 0.178498
0 0.956286 0.409853 0.085783 0.102247
0 0.565389 0.369127 0.062388 0.065854
0 0.677979 0.389057 0.096506 0.164634
