0 0.320267 0.405000 0.102966 0.118983
0 0.710251 0.398898 0.089237 0.134237
0 0.406502 0.399661 0.059205 0.068644
0 0.455410 0.392797 0.036896 0.054915
0 0.483726 0.385169 0.019735 0.051864
0 0.502603 0.388220 0.018019 0.039661
0 0.521909 0.379830 0.015445 0.025932
0 0.536925 0.376124 0.018019 0.024621
0 0.549796 0.376780 0.009439 0.013729
0 0.664346 0.388220 0.036038 0.082373
0 0.660485 0.372966 0.055773 0.097627
0 0.630882 0.371441 0.020593 0.064068
0 0.571418 0.367846 0.022826 0.022876
0 0.590566 0.371850 0.021232 0.037745
0 0.614049 0.376425 0.015441 0.035458
