0 0.330850 0.504381 0.016059 0.035347
0 0.321291 0.505740 0.018353 0.040785
0 0.309820 0.511858 0.022942 0.044864
0 0.296820 0.512538 0.030589 0.054381
0 0.270437 0.520015 0.029824 0.063897
0 0.432199 0.502568 0.019118 0.024471
0 0.455141 0.499169 0.026765 0.042145
0 0.489171 0.498489 0.048943 0.081571
0 0.543849 0.508006 0.075708 0.100604
0 0.566791 0.532024 0.052766 0.076133
0 0.596233 0.546299 0.056590 0.088369
0 0.071162 0.548815 0.141475 0.231118
0 0.226742 0.522054 0.070355 0.092447
0 0.372040 0.500982 0.010706 0.012236
0 0.383129 0.507100 0.009941 0.016314
0 0.350245 0.505060 0.032883 0.053021
0 0.415247 0.505740 0.016059 0.013595
0 0.697050 0.541767 0.166711 0.175378
0 0.920308 0.597607 0.157534 0.255589
