0 0.804433 0.455258 0.023196 0.024742
0 0.785876 0.453196 0.023196 0.041237
0 0.769639 0.457320 0.023196 0.041237
0 0.751083 0.459382 0.025515 0.041237
0 0.729626 0.466598 0.028995 0.047423
0 0.652400 0.475310 0.120418 0.067113
0 0.558441 0.487217 0.091624 0.101031
0 0.935258 0.444949 0.018557 0.049485
0 0.959021 0.465512 0.022062 0.102698
0 0.979330 0.445979 0.039433 0.158763
0 0.989768 0.497526 0.018557 0.109278
0 0.234626 0.529278 0.246572 0.220619
0 0.376862 0.531585 0.292126 0.221932
0 0.917687 0.439691 0.016237 0.028866
0 0.829869 0.448651 0.031039 0.022992
0 0.855735 0.440221 0.017244 0.012262
0 0.885049 0.431024 0.013795 0.012262
0 0.945835 0.454782 0.019831 0.075107
