0 0.155482 0.619891 0.310964 0.414185
0 0.894386 0.702208 0.205684 0.447112
0 0.415268 0.523710 0.062388 0.086650
0 0.517136 0.513312 0.036068 0.048524
0 0.486748 0.495121 0.016908 0.029450
0 0.322661 0.583498 0.077985 0.168100
0 0.788132 0.556332 0.236878 0.276668
0 0.668718 0.547972 0.066287 0.142105
0 0.624948 0.530642 0.066094 0.124775
0 0.590663 0.527176 0.037184 0.086650
1 0.595120 0.490922 0.077010 0.128518
0 0.550766 0.489992 0.013647 0.026146
0 0.449929 0.515917 0.032057 0.071042
0 0.462846 0.509592 0.025721 0.069829
0 0.535878 0.490690 0.012224 0.009150
