0 0.063931 0.680544 0.123184 0.146920
0 0.218301 0.652823 0.177759 0.149692
0 0.317316 0.635498 0.037423 0.045739
0 0.346163 0.636191 0.038982 0.041581
1 0.367213 0.611935 0.048338 0.073460
0 0.405416 0.620251 0.028067 0.040195
0 0.444008 0.614707 0.027288 0.034651
0 0.806933 0.654209 0.127862 0.119199
0 0.732867 0.632033 0.042101 0.077618
0 0.690470 0.619559 0.066083 0.073574
2 0.484322 0.592367 0.041777 0.068242
0 0.601406 0.606676 0.025908 0.020220
0 0.534447 0.614707 0.058473 0.040195
0 0.628545 0.611128 0.030177 0.035254
