0 0.349170 0.544769 0.012076 0.024020
0 0.339233 0.545892 0.021446 0.045058
0 0.328510 0.549358 0.021446 0.045058
0 0.306090 0.553691 0.038992 0.060655
0 0.284156 0.560623 0.032169 0.057189
0 0.258324 0.572754 0.052640 0.081451
0 0.422092 0.532895 0.009748 0.025995
0 0.429890 0.539827 0.009748 0.032927
0 0.441101 0.536361 0.020471 0.053723
0 0.451336 0.540693 0.021446 0.076252
0 0.492765 0.557157 0.071161 0.098781
0 0.584885 0.596149 0.155969 0.201027
0 0.405090 0.541272 0.028155 0.035818
0 0.208121 0.586618 0.082859 0.105712
0 0.807628 0.595283 0.383099 0.590950
0 0.367030 0.539965 0.030400 0.019216
2 0.395066 0.526754 0.016213 0.036030
