0 0.361125 0.473851 0.031561 0.045907
0 0.310827 0.493984 0.054514 0.058659
0 0.630762 0.499934 0.037777 0.065460
0 0.543448 0.477908 0.017215 0.038256
0 0.580356 0.501287 0.079381 0.113917
0 0.420304 0.454222 0.011477 0.017853
0 0.437997 0.446571 0.010520 0.012752
0 0.446127 0.444871 0.007651 0.014452
0 0.489643 0.438495 0.011477 0.013602
0 0.479361 0.446911 0.013868 0.021253
0 0.432498 0.457963 0.016737 0.021253
0 0.400937 0.456263 0.022475 0.033155
0 0.461743 0.445087 0.011484 0.021618
0 0.458703 0.426472 0.052693 0.032427
