0 0.429038 0.468375 0.018721 0.035362
0 0.409998 0.473709 0.020424 0.048804
0 0.393351 0.472345 0.024571 0.074572
0 0.363368 0.478252 0.051263 0.097725
0 0.352983 0.490689 0.046803 0.096127
0 0.324902 0.482589 0.065524 0.149769
0 0.242204 0.495070 0.171585 0.241294
0 0.489646 0.466585 0.029950 0.027743
0 0.534344 0.480509 0.030422 0.062404
0 0.515970 0.474112 0.026955 0.037754
0 0.570616 0.482589 0.074884 0.091525
0 0.732086 0.560940 0.374422 0.237134
0 0.124144 0.563968 0.246703 0.343406
0 0.943869 0.717990 0.109987 0.289137
0 0.505330 0.468476 0.014187 0.029004
