0 0.331379 0.555478 0.055657 0.045166
0 0.434442 0.563980 0.039967 0.047961
0 0.276439 0.557275 0.085569 0.054267
0 0.236106 0.552434 0.044963 0.053289
0 0.191166 0.541995 0.029083 0.017655
0 0.170660 0.569309 0.089926 0.051513
0 0.123580 0.549018 0.033736 0.031701
0 0.081733 0.568421 0.093923 0.120789
0 0.031374 0.604836 0.062748 0.182961
0 0.976996 0.565757 0.045962 0.065724
0 0.924669 0.557480 0.025949 0.026058
0 0.894359 0.557446 0.036561 0.029055
0 0.863589 0.562204 0.046961 0.069276
0 0.828618 0.561316 0.042965 0.063947
0 0.782338 0.553091 0.063584 0.044870
0 0.779159 0.583520 0.045962 0.037303
0 0.729699 0.568421 0.074938 0.060395
0 0.685736 0.564868 0.034971 0.056842
0 0.641772 0.565757 0.060950 0.055066
0 0.566833 0.560428 0.056953 0.058618
0 0.921714 0.640559 0.145019 0.151381
0 0.522370 0.605724 0.107911 0.120789
0 0.389979 0.608388 0.110909 0.101250
1 0.308018 0.527812 0.098877 0.034687
0 0.459578 0.534555 0.037595 0.026482
0 0.381906 0.544643 0.045397 0.026482
