0 0.025900 0.585952 0.051801 0.062538
0 0.502692 0.507762 0.017634 0.027387
0 0.540910 0.522128 0.029091 0.051718
0 0.788959 0.566945 0.119082 0.119637
0 0.611224 0.518222 0.047660 0.065472
0 0.236281 0.550673 0.089514 0.103408
0 0.081206 0.553324 0.086665 0.066724
0 0.490712 0.528227 0.039489 0.052912
0 0.568921 0.537915 0.052916 0.074320
0 0.707731 0.501011 0.067470 0.035860
0 0.932147 0.568203 0.105144 0.109585
0 0.701229 0.655423 0.225878 0.275565
0 0.663506 0.521136 0.063557 0.031702
0 0.499130 0.492968 0.014236 0.013205
0 0.521877 0.494344 0.013927 0.021457
0 0.513057 0.483340 0.012998 0.020357
1 0.162907 0.499892 0.120273 0.120918
