0 0.366704 0.564810 0.052784 0.061848
0 0.309664 0.570831 0.061069 0.054072
0 0.081188 0.622393 0.086374 0.100237
0 0.024999 0.625592 0.049998 0.115166
0 0.520660 0.521170 0.012800 0.021488
0 0.496450 0.523643 0.012255 0.014161
0 0.563498 0.534048 0.009703 0.029873
0 0.575442 0.538151 0.019194 0.034123
0 0.583839 0.544549 0.021594 0.038389
0 0.600634 0.549881 0.033590 0.040521
0 0.778181 0.597867 0.170349 0.170616
0 0.946674 0.667180 0.106653 0.223934
0 0.458460 0.527607 0.011030 0.011197
0 0.405457 0.541072 0.036152 0.035948
0 0.559227 0.530634 0.008642 0.028166
0 0.556587 0.530208 0.008162 0.029020
