0 0.530923 0.496470 0.008802 0.014226
0 0.523636 0.489725 0.008973 0.012115
0 0.544526 0.495759 0.020005 0.018493
0 0.560742 0.494803 0.012429 0.016581
0 0.579734 0.502872 0.012003 0.018493
0 0.490513 0.503583 0.017604 0.017071
0 0.890668 0.524807 0.102868 0.085582
0 0.394920 0.517113 0.029984 0.035533
0 0.367020 0.522243 0.046201 0.036653
0 0.338344 0.524148 0.056773 0.038130
0 0.290422 0.526344 0.092591 0.062592
0 0.240696 0.502160 0.028807 0.014226
0 0.266293 0.540014 0.096006 0.062144
0 0.143953 0.511407 0.016804 0.052634
0 0.055452 0.502564 0.110265 0.076011
