0 0.383534 0.373198 0.022315 0.023745
0 0.297502 0.383062 0.024975 0.024814
0 0.259299 0.376406 0.033143 0.024262
0 0.213483 0.380738 0.056539 0.032927
1 0.468314 0.368290 0.015147 0.026929
0 0.472101 0.382546 0.007574 0.017424
0 0.479452 0.384526 0.007128 0.021385
0 0.491588 0.387251 0.018926 0.026834
0 0.522778 0.388883 0.018934 0.042769
0 0.530783 0.391136 0.020471 0.046791
0 0.671056 0.421177 0.094755 0.131612
0 0.800727 0.442404 0.215588 0.191049
0 0.562952 0.392869 0.063363 0.088383
0 0.445370 0.380170 0.028958 0.047521
0 0.919789 0.485908 0.158779 0.241970
