0 0.403296 0.470802 0.053823 0.116487
0 0.361256 0.487976 0.034938 0.049991
0 0.328482 0.493678 0.028852 0.045773
0 0.286501 0.485114 0.063606 0.096182
0 0.240657 0.506164 0.107646 0.124807
0 0.538849 0.454880 0.049493 0.098407
0 0.625500 0.462852 0.030203 0.061662
0 0.654777 0.470809 0.025572 0.033267
0 0.686236 0.473017 0.025923 0.045493
0 0.705569 0.471750 0.044376 0.058583
0 0.591554 0.465968 0.055916 0.080392
0 0.469405 0.488483 0.167320 0.280817
0 0.813991 0.495763 0.210613 0.232974
0 0.116629 0.514484 0.182531 0.183051
0 0.041094 0.547196 0.082189 0.196672
0 0.668881 0.473703 0.015817 0.035931
