0 0.479391 0.480321 0.008608 0.013177
0 0.447591 0.482446 0.012194 0.015727
0 0.437549 0.485209 0.013629 0.018703
0 0.423969 0.489695 0.018313 0.019934
0 0.410531 0.494348 0.012672 0.030179
0 0.398337 0.497749 0.023671 0.036130
0 0.379927 0.499236 0.030365 0.042506
0 0.362114 0.507738 0.015302 0.051008
0 0.341073 0.506675 0.037777 0.066735
0 0.283690 0.507738 0.065035 0.080762
0 0.922743 0.518152 0.111788 0.112642
0 0.828594 0.520277 0.099704 0.111792
0 0.564032 0.505187 0.016498 0.031455
0 0.581008 0.498174 0.021758 0.048882
0 0.192952 0.605290 0.269702 0.274591
0 0.678427 0.547997 0.209140 0.271859
0 0.466554 0.500341 0.027845 0.041913
0 0.323133 0.514462 0.039077 0.056110
