0 0.477168 0.504301 0.016572 0.027728
0 0.136961 0.601594 0.271972 0.321215
0 0.862863 0.506900 0.274273 0.594416
0 0.355044 0.526794 0.090109 0.096976
0 0.464740 0.490437 0.006824 0.015597
0 0.457429 0.495636 0.009748 0.022529
0 0.455385 0.500817 0.009561 0.022494
0 0.449143 0.504430 0.010723 0.025737
0 0.432333 0.503209 0.027794 0.045508
0 0.421219 0.509665 0.023112 0.046460
0 0.394982 0.506236 0.052521 0.071457
0 0.490085 0.490437 0.008773 0.012131
0 0.494687 0.500268 0.008229 0.016730
0 0.505682 0.501701 0.016572 0.024262
0 0.520304 0.506900 0.014622 0.031194
0 0.540056 0.510385 0.025807 0.041630
0 0.556505 0.522333 0.044133 0.052318
0 0.602838 0.534618 0.063912 0.111058
0 0.633590 0.546151 0.062945 0.123873
0 0.694468 0.560945 0.134845 0.165723
0 0.524750 0.511552 0.010572 0.034172
