0 0.204307 0.605248 0.062391 0.116384
0 0.263229 0.628665 0.055267 0.069486
0 0.415653 0.593328 0.010927 0.020644
0 0.403878 0.599834 0.018932 0.048615
0 0.738866 0.603574 0.038915 0.056094
0 0.807231 0.597563 0.095711 0.098032
0 0.523989 0.604254 0.032953 0.063269
0 0.447532 0.595706 0.022076 0.041913
0 0.476530 0.596334 0.023299 0.041615
0 0.625801 0.695194 0.254527 0.340305
0 0.892424 0.610273 0.127264 0.106268
0 0.151427 0.643055 0.130365 0.134196
0 0.086826 0.617033 0.019873 0.038137
0 0.043122 0.647327 0.086245 0.175762
1 0.344448 0.568982 0.104135 0.226247
