0 0.246306 0.352443 0.022915 0.023061
0 0.215291 0.359138 0.017993 0.023061
0 0.173408 0.357890 0.027960 0.025781
0 0.134029 0.358950 0.032890 0.027901
0 0.098384 0.351327 0.027715 0.034220
0 0.311211 0.360119 0.010043 0.008927
0 0.370212 0.360491 0.023433 0.023061
0 0.370865 0.392286 0.016270 0.038324
0 0.390672 0.406109 0.025855 0.032468
0 0.344439 0.409217 0.031307 0.047610
0 0.414620 0.425582 0.038602 0.040171
0 0.662924 0.527602 0.162693 0.155108
0 0.352637 0.357515 0.007532 0.009671
0 0.335899 0.360119 0.006695 0.007439
