0 0.465259 0.370842 0.023116 0.029744
0 0.485504 0.379226 0.030558 0.044065
0 0.401568 0.363382 0.016787 0.013268
0 0.403410 0.384588 0.022217 0.033647
0 0.371002 0.382958 0.015426 0.027938
0 0.382095 0.372787 0.019152 0.024733
0 0.433210 0.364223 0.045237 0.014950
0 0.052287 0.423254 0.072024 0.060083
0 0.029146 0.387530 0.058293 0.099055
0 0.349259 0.402100 0.053289 0.074870
0 0.427972 0.410630 0.055707 0.071264
0 0.524853 0.404773 0.063457 0.078494
0 0.293437 0.380512 0.021540 0.019374
0 0.188582 0.439161 0.225794 0.253405
0 0.651649 0.343106 0.025228 0.022425
