0 0.418308 0.409980 0.020703 0.017086
0 0.394766 0.405939 0.019974 0.021669
0 0.387588 0.407022 0.018759 0.023836
0 0.372649 0.405730 0.014509 0.025586
0 0.354916 0.407022 0.018283 0.023836
0 0.334273 0.410745 0.024714 0.026947
0 0.310426 0.414606 0.029254 0.030337
0 0.282391 0.412439 0.029254 0.034671
0 0.254356 0.414606 0.036567 0.039005
0 0.224493 0.414606 0.032910 0.039005
0 0.122715 0.421107 0.070696 0.060674
0 0.207429 0.413523 0.057288 0.054173
0 0.614955 0.432273 0.073683 0.082175
0 0.711627 0.438517 0.097145 0.086528
0 0.046121 0.418940 0.092243 0.069342
0 0.949739 0.448194 0.098731 0.093178
