1 0.753595 0.458150 0.168617 0.159449
0 0.925220 0.499274 0.144700 0.250866
0 0.622352 0.454634 0.047267 0.059516
0 0.589069 0.465992 0.013380 0.031230
0 0.571674 0.462277 0.013767 0.019480
0 0.550883 0.463026 0.023320 0.015984
0 0.507049 0.454652 0.011527 0.021213
0 0.483030 0.460029 0.015734 0.020979
0 0.414333 0.463275 0.022649 0.026473
0 0.451657 0.459944 0.029897 0.023386
0 0.274307 0.463476 0.071750 0.067832
0 0.529108 0.456782 0.013486 0.009490
0 0.432120 0.464774 0.014610 0.020479
0 0.391240 0.466522 0.020510 0.029969
0 0.367639 0.464774 0.022196 0.035464
0 0.341510 0.470019 0.028377 0.033965
