0 0.171255 0.466532 0.165416 0.137070
0 0.333092 0.445315 0.067864 0.084256
0 0.439987 0.434150 0.034839 0.048341
0 0.689696 0.432972 0.061230 0.088140
0 0.734501 0.446487 0.095134 0.114407
0 0.464740 0.414376 0.016015 0.019980
0 0.494281 0.407220 0.023963 0.035638
0 0.532250 0.393990 0.008869 0.012175
0 0.595022 0.437426 0.058440 0.075071
0 0.386915 0.448960 0.084245 0.101926
0 0.062995 0.574606 0.125990 0.294973
0 0.890844 0.446456 0.216035 0.227582
0 0.519246 0.386154 0.017139 0.012487
0 0.536806 0.382159 0.017420 0.011488
