0 0.551497 0.632542 0.077497 0.093582
0 0.505438 0.622862 0.041917 0.058940
0 0.467241 0.614770 0.025960 0.044155
0 0.459036 0.608952 0.030344 0.046401
0 0.444679 0.610724 0.021409 0.040459
0 0.433908 0.605453 0.011934 0.029916
0 0.417117 0.601734 0.018544 0.025474
0 0.261463 0.607736 0.029782 0.032283
0 0.276164 0.603582 0.023982 0.039959
0 0.298257 0.603903 0.021378 0.022619
0 0.315838 0.601348 0.011698 0.024262
0 0.098337 0.617118 0.056192 0.052446
0 0.140082 0.616433 0.034513 0.046082
0 0.166611 0.608627 0.026972 0.038461
0 0.206722 0.610774 0.038866 0.032966
0 0.040416 0.623600 0.061335 0.066409
0 0.239548 0.605829 0.018544 0.026473
0 0.481485 0.620365 0.025568 0.056942
