0 0.497181 0.443905 0.016816 0.020979
0 0.485235 0.449853 0.015926 0.018188
0 0.472140 0.453074 0.011435 0.018338
0 0.462188 0.455960 0.025557 0.040924
0 0.439713 0.464097 0.036876 0.050873
0 0.345044 0.492658 0.124494 0.169252
0 0.219581 0.557085 0.236430 0.223632
0 0.544864 0.451667 0.010108 0.016783
0 0.560461 0.451930 0.020061 0.031992
0 0.590039 0.463868 0.019955 0.038823
0 0.614700 0.472570 0.019579 0.048194
0 0.635221 0.475917 0.037275 0.065597
0 0.652535 0.484109 0.038017 0.086698
0 0.710525 0.492043 0.118506 0.130287
0 0.806310 0.541611 0.178845 0.175299
0 0.913490 0.588681 0.173020 0.294608
0 0.531017 0.441868 0.014813 0.027721
0 0.600393 0.469558 0.021085 0.043509
