0 0.538458 0.420552 0.011161 0.023946
0 0.503389 0.410372 0.013376 0.026517
0 0.484498 0.411999 0.012862 0.021894
0 0.469949 0.411546 0.013918 0.020619
0 0.437242 0.422946 0.025785 0.038314
0 0.424137 0.415670 0.010438 0.016495
0 0.524155 0.424233 0.025659 0.042256
0 0.455907 0.412342 0.010006 0.010263
0 0.580258 0.404833 0.008556 0.017139
0 0.098289 0.455728 0.062042 0.040685
0 0.141594 0.453246 0.029957 0.053508
0 0.171106 0.448452 0.033562 0.058973
0 0.217565 0.447909 0.031107 0.047687
0 0.255271 0.438763 0.045232 0.045361
0 0.294533 0.419898 0.014239 0.029482
0 0.317784 0.419175 0.021804 0.026804
0 0.366993 0.421942 0.009209 0.017148
0 0.336804 0.420206 0.016237 0.020619
1 0.549041 0.403447 0.013855 0.026683
1 0.532108 0.396263 0.016933 0.031472
0 0.379833 0.407217 0.017397 0.026804
0 0.365083 0.410289 0.008467 0.010263
