0 0.077668 0.552628 0.155337 0.195847
0 0.420464 0.527936 0.015781 0.024129
0 0.404194 0.527872 0.009549 0.020005
0 0.475557 0.526161 0.015172 0.032966
0 0.393375 0.533354 0.018263 0.022976
0 0.365700 0.526461 0.027534 0.061937
0 0.348730 0.539447 0.018207 0.050948
0 0.315854 0.538251 0.055301 0.071531
0 0.506906 0.533299 0.028983 0.071637
0 0.531166 0.544252 0.052216 0.102047
0 0.603177 0.567369 0.137799 0.154342
0 0.492414 0.529158 0.023039 0.064933
0 0.483564 0.527410 0.013205 0.049449
0 0.463897 0.528659 0.005900 0.015984
