0 0.138757 0.694549 0.277513 0.430543
0 0.291955 0.693197 0.114053 0.187163
0 0.381068 0.650167 0.087569 0.092990
0 0.452798 0.630809 0.026320 0.069320
1 0.507845 0.601180 0.087479 0.180440
0 0.929479 0.841367 0.137448 0.310206
0 0.841304 0.741320 0.272857 0.267682
0 0.705716 0.680253 0.130657 0.179443
0 0.640146 0.668453 0.039891 0.135253
0 0.614032 0.655829 0.039253 0.084737
0 0.590274 0.645361 0.032112 0.067790
0 0.573187 0.640340 0.015597 0.043325
0 0.404945 0.627598 0.082432 0.095703
0 0.571695 0.628912 0.027477 0.038879
