0 0.524888 0.595312 0.010547 0.018750
0 0.529844 0.593046 0.012463 0.016290
0 0.509258 0.593411 0.010929 0.014947
0 0.495924 0.594295 0.010626 0.020785
0 0.483280 0.595063 0.014661 0.033311
0 0.460576 0.597925 0.031065 0.051023
0 0.440717 0.610675 0.031468 0.067930
0 0.430155 0.618362 0.026744 0.069538
0 0.384469 0.620864 0.073163 0.119278
0 0.587958 0.605122 0.047156 0.095703
0 0.626690 0.612219 0.068281 0.118188
0 0.686596 0.653122 0.122188 0.167183
0 0.777206 0.705360 0.206957 0.220097
0 0.251481 0.683071 0.207346 0.183496
0 0.552934 0.598387 0.029220 0.044954
