0 0.573148 0.387481 0.025267 0.022215
0 0.550563 0.394532 0.015191 0.015045
0 0.536632 0.398588 0.016572 0.013864
0 0.519411 0.398507 0.019818 0.014025
0 0.412751 0.429927 0.033879 0.053182
0 0.645611 0.366762 0.033159 0.020504
0 0.768852 0.387932 0.038565 0.053823
0 0.833836 0.455242 0.141572 0.160505
0 0.371889 0.441046 0.053614 0.067587
0 0.701033 0.469728 0.140081 0.173125
0 0.958784 0.449636 0.080788 0.157853
0 0.460182 0.419610 0.041518 0.041519
0 0.490328 0.408986 0.021446 0.034660
0 0.508061 0.399504 0.020183 0.027552
0 0.609389 0.377334 0.042169 0.024989
