0 0.490507 0.515408 0.025702 0.036079
0 0.518110 0.516432 0.028269 0.041592
0 0.459881 0.521033 0.009190 0.021443
0 0.447963 0.524352 0.016944 0.027059
0 0.434897 0.532265 0.014933 0.028590
0 0.421112 0.531755 0.023549 0.042886
0 0.409194 0.534308 0.023836 0.050033
0 0.351147 0.540139 0.063552 0.102290
0 0.389708 0.532075 0.034663 0.072878
0 0.319648 0.549702 0.060260 0.103121
0 0.252010 0.562177 0.127238 0.134723
0 0.091912 0.582650 0.183825 0.182764
0 0.542877 0.513474 0.009929 0.025279
0 0.556479 0.525136 0.017535 0.062467
0 0.567826 0.523364 0.022421 0.086650
0 0.578506 0.529967 0.024456 0.120653
0 0.619978 0.524870 0.087733 0.177219
0 0.686862 0.560623 0.150875 0.220090
0 0.836545 0.541211 0.325905 0.286551
0 0.546422 0.515111 0.009799 0.036675
