0 0.449592 0.502708 0.015302 0.023804
0 0.463278 0.497317 0.013345 0.022806
0 0.432695 0.512342 0.014665 0.036272
0 0.406658 0.506058 0.039218 0.062442
0 0.364757 0.534353 0.038187 0.078396
0 0.517809 0.493261 0.007641 0.013978
0 0.537502 0.496340 0.019283 0.022154
0 0.564772 0.500920 0.027605 0.047782
0 0.621641 0.500486 0.048015 0.071676
0 0.626966 0.514013 0.046936 0.089606
0 0.696595 0.521663 0.141478 0.138790
0 0.493850 0.498649 0.039003 0.064565
0 0.289654 0.524420 0.122220 0.149043
0 0.578025 0.493645 0.024557 0.072327
