0 0.044504 0.335460 0.062036 0.050955
0 0.104097 0.335207 0.045235 0.040459
0 0.153827 0.335956 0.049168 0.046952
0 0.195831 0.322819 0.046640 0.043256
0 0.202574 0.336363 0.040458 0.039774
0 0.241260 0.323437 0.039551 0.046875
0 0.267627 0.323437 0.021094 0.023437
0 0.292016 0.318750 0.027686 0.037500
0 0.332886 0.321094 0.019775 0.023437
0 0.361230 0.309375 0.015820 0.023437
0 0.382324 0.310547 0.015820 0.021094
0 0.499607 0.308884 0.015172 0.017982
0 0.476421 0.309886 0.011533 0.016389
0 0.465381 0.302846 0.010547 0.016406
0 0.529530 0.320122 0.012643 0.018481
0 0.540768 0.324118 0.016577 0.025474
0 0.127978 0.336206 0.013767 0.025474
