0 0.543147 0.448836 0.019284 0.031538
0 0.526877 0.451369 0.017896 0.034720
0 0.495104 0.458026 0.015981 0.034849
0 0.475272 0.461538 0.037600 0.041872
0 0.430162 0.477970 0.022952 0.050247
0 0.410087 0.477295 0.029195 0.063967
0 0.375966 0.473096 0.044458 0.078174
0 0.336461 0.480631 0.065190 0.106430
0 0.242397 0.481787 0.155412 0.156701
0 0.625224 0.461821 0.020686 0.041307
0 0.644020 0.470836 0.030728 0.057453
0 0.668921 0.478201 0.055099 0.091021
0 0.705803 0.490750 0.052327 0.123654
0 0.786437 0.520838 0.171457 0.206434
0 0.600849 0.458901 0.017498 0.024166
0 0.509982 0.459439 0.018013 0.026372
0 0.575677 0.452940 0.024371 0.017895
