0 0.468687 0.562671 0.022591 0.025981
0 0.455975 0.578884 0.017894 0.034309
0 0.440262 0.576105 0.023718 0.056926
0 0.423533 0.579467 0.021783 0.050202
0 0.399220 0.577459 0.038781 0.068944
0 0.359663 0.596435 0.063111 0.070134
0 0.514434 0.604903 0.093000 0.129187
0 0.604145 0.586285 0.051331 0.074816
0 0.658043 0.570911 0.015925 0.026646
0 0.669128 0.572576 0.014988 0.022205
0 0.689112 0.578960 0.022482 0.041634
0 0.706286 0.585621 0.026229 0.037193
0 0.855184 0.619813 0.047371 0.080827
0 0.896824 0.627594 0.074927 0.096388
0 0.956957 0.597821 0.081669 0.191038
0 0.121228 0.695279 0.242457 0.393481
0 0.240649 0.599531 0.097311 0.128231
0 0.774456 0.594132 0.124627 0.156643
0 0.638016 0.570305 0.021233 0.021094
