0 0.230357 0.486752 0.059142 0.050624
0 0.167859 0.496584 0.112887 0.076518
0 0.124766 0.507890 0.098877 0.105469
0 0.543277 0.451194 0.015333 0.034263
0 0.561020 0.459369 0.012267 0.028817
0 0.572410 0.459369 0.019276 0.039720
0 0.591686 0.466464 0.037676 0.043008
0 0.623241 0.477383 0.034146 0.041479
0 0.650034 0.488322 0.042769 0.061802
0 0.696171 0.494805 0.058266 0.079441
0 0.757503 0.503373 0.087180 0.105921
0 0.475636 0.457110 0.014457 0.015577
0 0.492226 0.458098 0.012590 0.017553
0 0.060076 0.532024 0.120152 0.127513
0 0.870801 0.684374 0.258398 0.529687
0 0.300890 0.479743 0.081923 0.056854
0 0.381060 0.466113 0.078418 0.040499
0 0.551601 0.456643 0.010952 0.031153
