0 0.434641 0.433708 0.023149 0.038814
0 0.340661 0.452335 0.030575 0.050607
0 0.275293 0.461707 0.053770 0.080597
0 0.233128 0.479088 0.063363 0.092866
0 0.139813 0.490760 0.139170 0.146199
0 0.037623 0.519712 0.071537 0.174513
0 0.529522 0.432818 0.016653 0.041199
0 0.544123 0.434944 0.032783 0.041665
0 0.565092 0.453304 0.087330 0.075734
0 0.647150 0.466087 0.093826 0.114553
0 0.725705 0.511727 0.129570 0.148048
0 0.884843 0.556353 0.229177 0.339541
0 0.472451 0.460857 0.070639 0.138876
0 0.383099 0.454044 0.052640 0.062388
0 0.412136 0.435128 0.011715 0.024613
0 0.509360 0.434465 0.021833 0.029347
