0 0.168930 0.541149 0.079045 0.090107
0 0.334452 0.520924 0.035973 0.052860
0 0.393122 0.514473 0.042032 0.053945
0 0.481401 0.506601 0.023601 0.037801
0 0.218337 0.527715 0.044158 0.061058
0 0.244096 0.517357 0.033118 0.057787
0 0.265561 0.520628 0.025759 0.049064
0 0.287291 0.513541 0.022607 0.052335
0 0.301133 0.516869 0.015946 0.041546
0 0.359744 0.512475 0.010115 0.023975
0 0.425012 0.499189 0.023769 0.022976
0 0.467493 0.490448 0.010958 0.013486
0 0.453304 0.497940 0.007867 0.013486
0 0.367330 0.501986 0.008991 0.014985
