0 0.661742 0.487637 0.142628 0.130375
0 0.554179 0.447429 0.082860 0.082550
0 0.501961 0.438390 0.048610 0.058804
0 0.462593 0.426797 0.037860 0.044634
0 0.439812 0.425676 0.010095 0.032474
0 0.428121 0.421483 0.015144 0.025505
0 0.329038 0.418631 0.047685 0.074291
0 0.394192 0.413547 0.026555 0.042868
0 0.414984 0.418295 0.011130 0.007793
0 0.084863 0.426406 0.068127 0.069139
0 0.161912 0.412754 0.044653 0.054852
0 0.195569 0.412969 0.018761 0.032228
0 0.211117 0.413496 0.014764 0.026922
0 0.232911 0.409636 0.026968 0.034789
0 0.271189 0.403993 0.024879 0.028925
0 0.127038 0.410663 0.019528 0.025505
