0 0.082592 0.495165 0.062729 0.073225
0 0.141953 0.504532 0.032194 0.031752
0 0.386464 0.454634 0.020510 0.047951
0 0.461509 0.474214 0.023039 0.025973
0 0.488503 0.475916 0.024025 0.044179
0 0.515935 0.475787 0.041596 0.062287
0 0.544740 0.477699 0.041833 0.068663
0 0.585327 0.481557 0.056658 0.079440
0 0.376489 0.466622 0.006743 0.008991
0 0.359716 0.436453 0.007586 0.008991
0 0.369269 0.438950 0.006462 0.009990
0 0.358367 0.471317 0.018263 0.025374
0 0.674054 0.485291 0.140655 0.128045
0 0.041448 0.512986 0.057538 0.053334
0 0.877212 0.497441 0.243635 0.235259
0 0.220820 0.507776 0.117618 0.036613
0 0.310750 0.483368 0.068649 0.043122
0 0.287846 0.449540 0.020510 0.017982
0 0.416836 0.468470 0.038773 0.021478
0 0.340105 0.427662 0.007586 0.007992
0 0.347972 0.425165 0.005338 0.007992
0 0.342914 0.420919 0.004776 0.005494
