0 0.557485 0.487752 0.108378 0.108747
0 0.322731 0.455783 0.042221 0.053192
0 0.252147 0.400229 0.019282 0.031812
0 0.215245 0.375754 0.014628 0.020686
0 0.081782 0.385317 0.023936 0.026596
0 0.492824 0.464406 0.067487 0.088062
0 0.458249 0.458496 0.047540 0.076241
0 0.421181 0.459678 0.043883 0.052601
0 0.276966 0.395146 0.013069 0.022089
0 0.201354 0.365918 0.013154 0.016717
0 0.223608 0.364424 0.010297 0.010678
0 0.064495 0.377043 0.017287 0.017140
0 0.100572 0.368632 0.020267 0.016867
0 0.125000 0.356948 0.026596 0.021868
0 0.189960 0.360580 0.008606 0.010433
0 0.258117 0.380753 0.021249 0.017681
0 0.180504 0.355363 0.008311 0.010638
0 0.239063 0.374527 0.006885 0.008776
0 0.232140 0.367479 0.006768 0.007683
