0 0.821050 0.315490 0.132050 0.121138
0 0.748538 0.286103 0.093705 0.099952
0 0.693276 0.282686 0.049496 0.077741
0 0.654112 0.267309 0.040365 0.060655
0 0.632007 0.261756 0.030755 0.054675
0 0.611947 0.260474 0.015132 0.043569
0 0.579388 0.247660 0.017780 0.026483
0 0.113162 0.335240 0.222426 0.192174
0 0.375662 0.291338 0.100152 0.117452
0 0.296291 0.277908 0.089586 0.116891
0 0.485923 0.260902 0.057665 0.039298
0 0.521963 0.239971 0.035560 0.055529
0 0.669489 0.274143 0.039404 0.058946
0 0.601733 0.262183 0.016338 0.040152
