0 0.904104 0.669016 0.191793 0.325323
0 0.765291 0.597610 0.143575 0.144105
0 0.716814 0.587250 0.062516 0.080058
0 0.661451 0.579244 0.072582 0.073465
0 0.602642 0.564651 0.024902 0.040512
0 0.553902 0.556639 0.070463 0.096070
0 0.391084 0.547257 0.092961 0.166779
0 0.124516 0.545071 0.249032 0.374498
0 0.478285 0.543007 0.029255 0.037953
0 0.624630 0.576418 0.026490 0.048977
0 0.499436 0.543358 0.014628 0.028816
1 0.447448 0.516299 0.028465 0.049198
0 0.331784 0.523296 0.030495 0.034516
0 0.273458 0.527755 0.073138 0.049901
