0 0.793981 0.483505 0.271971 0.273813
0 0.262493 0.491303 0.219767 0.227022
0 0.052640 0.492170 0.101380 0.176765
0 0.132851 0.453668 0.144825 0.155054
0 0.030219 0.412452 0.056539 0.048524
0 0.365326 0.420322 0.034639 0.053866
0 0.386327 0.424373 0.016203 0.042011
0 0.397919 0.419826 0.012093 0.032916
0 0.410634 0.414838 0.010229 0.030921
0 0.658754 0.459756 0.082315 0.148011
0 0.619092 0.446959 0.075858 0.132013
0 0.577008 0.429288 0.050847 0.082195
0 0.540923 0.426437 0.032656 0.052393
0 0.525378 0.417979 0.018082 0.042248
0 0.510368 0.414141 0.014510 0.034571
0 0.495202 0.405520 0.011698 0.024262
0 0.484302 0.404846 0.005236 0.022646
0 0.455776 0.404414 0.049658 0.021591
0 0.473696 0.384647 0.005398 0.007197
0 0.465734 0.374811 0.008906 0.011515
