0 0.663052 0.642968 0.201252 0.241713
1 0.150750 0.496110 0.301500 0.992220
0 0.338161 0.602519 0.073408 0.085402
2 0.372167 0.574932 0.029687 0.050378
0 0.349092 0.555020 0.015923 0.017272
0 0.415510 0.583184 0.033465 0.052297
0 0.489457 0.589949 0.041022 0.060453
0 0.561380 0.574682 0.037514 0.052949
0 0.441661 0.561737 0.012684 0.023030
0 0.530074 0.603034 0.072598 0.083745
0 0.305596 0.556433 0.022231 0.031202
0 0.396726 0.553101 0.011875 0.017272
0 0.372167 0.543026 0.028068 0.023030
0 0.410355 0.540147 0.030497 0.029747
