0 0.367391 0.362942 0.016209 0.025302
0 0.354123 0.360833 0.019815 0.036547
0 0.339153 0.358725 0.026035 0.050604
0 0.316250 0.360068 0.037052 0.075782
0 0.289904 0.366104 0.054162 0.087854
0 0.263137 0.376936 0.063417 0.095709
0 0.212750 0.391219 0.112797 0.128992
0 0.476703 0.363082 0.032418 0.057632
0 0.608586 0.397661 0.084122 0.130726
0 0.103147 0.439519 0.206294 0.205707
0 0.512087 0.369056 0.061278 0.072392
0 0.411457 0.381429 0.069739 0.107143
0 0.753779 0.423980 0.260874 0.235714
0 0.455553 0.359568 0.016209 0.036547
