0 0.560635 0.495410 0.008118 0.028441
0 0.552149 0.492754 0.012081 0.022027
0 0.571354 0.497827 0.018895 0.027768
0 0.585242 0.500270 0.015211 0.035362
0 0.598113 0.507550 0.019891 0.041602
0 0.617750 0.509585 0.031251 0.050202
0 0.498593 0.487958 0.010403 0.018383
0 0.486956 0.488829 0.017551 0.016641
0 0.476426 0.494499 0.010531 0.013623
0 0.471160 0.495070 0.011701 0.016641
0 0.459128 0.495397 0.016727 0.024230
1 0.440555 0.488747 0.025374 0.041768
0 0.407893 0.503327 0.024781 0.031940
0 0.378889 0.500239 0.030750 0.043622
0 0.355090 0.498405 0.036840 0.062711
0 0.636878 0.516073 0.047668 0.058647
0 0.527267 0.498625 0.042236 0.065354
0 0.939741 0.652961 0.120517 0.272496
0 0.916372 0.533339 0.094776 0.085711
1 0.172185 0.325540 0.344371 0.651079
