0 0.029754 0.498047 0.059507 0.124219
0 0.126382 0.494844 0.056704 0.064999
0 0.155008 0.473062 0.033119 0.047626
0 0.191972 0.491691 0.048718 0.052554
0 0.244005 0.481579 0.049022 0.063255
0 0.277037 0.484542 0.018457 0.034039
0 0.303227 0.474701 0.034631 0.039659
0 0.330190 0.493176 0.047441 0.069580
0 0.368617 0.476870 0.014232 0.017571
0 0.412168 0.520312 0.101514 0.173437
0 0.346103 0.443582 0.025343 0.026899
0 0.265195 0.424510 0.011070 0.016868
0 0.215145 0.468928 0.018186 0.028113
0 0.367115 0.461408 0.014865 0.017571
