0 0.591753 0.451731 0.010064 0.011792
0 0.577540 0.454913 0.016188 0.013750
0 0.565351 0.462828 0.010531 0.022881
0 0.521473 0.449307 0.037442 0.024961
0 0.493392 0.449307 0.014041 0.024961
0 0.503337 0.476349 0.026912 0.029122
0 0.537745 0.494626 0.048570 0.080400
0 0.439569 0.438906 0.032762 0.020801
0 0.342262 0.478976 0.030804 0.040509
0 0.731438 0.507512 0.106248 0.149787
0 0.478147 0.497312 0.035932 0.041277
0 0.137105 0.471148 0.054993 0.031202
0 0.415582 0.517951 0.118177 0.153929
0 0.636032 0.570951 0.185547 0.229085
0 0.245329 0.425951 0.013658 0.019424
0 0.261074 0.427292 0.015101 0.022107
0 0.471332 0.459933 0.034074 0.039649
