0 0.419658 0.468484 0.011863 0.017965
0 0.410567 0.465979 0.016237 0.030928
0 0.394395 0.473171 0.020211 0.038274
0 0.381306 0.476127 0.022663 0.039499
0 0.355071 0.477076 0.020650 0.063269
0 0.337156 0.479334 0.036426 0.074322
1 0.294807 0.498000 0.071777 0.103678
0 0.450401 0.467631 0.013115 0.023502
0 0.460814 0.470083 0.015486 0.026844
0 0.476041 0.473566 0.015186 0.032249
0 0.493131 0.479703 0.027397 0.058583
0 0.527763 0.496888 0.069420 0.094513
0 0.366714 0.477467 0.015817 0.053115
0 0.436135 0.463407 0.007030 0.010935
