0 0.440164 0.499032 0.036274 0.043028
0 0.571609 0.499867 0.039550 0.037914
0 0.157039 0.521368 0.101121 0.091976
0 0.547678 0.495047 0.019881 0.032131
0 0.265650 0.520445 0.036886 0.045519
0 0.221987 0.515314 0.053359 0.063618
0 0.839121 0.563169 0.154803 0.138928
0 0.939223 0.592852 0.121555 0.191038
0 0.390541 0.493451 0.062680 0.044215
0 0.317972 0.507123 0.015925 0.039968
0 0.288013 0.508007 0.043370 0.053950
0 0.465998 0.491125 0.011459 0.017764
0 0.483812 0.495085 0.026666 0.031234
0 0.527435 0.497618 0.011206 0.016708
0 0.511252 0.494068 0.020020 0.021769
0 0.329682 0.504625 0.019360 0.044964
0 0.342015 0.505180 0.012178 0.032752
