0 0.401621 0.504301 0.019496 0.031194
0 0.386511 0.505167 0.022421 0.053723
0 0.367990 0.516432 0.026320 0.055456
0 0.346057 0.525963 0.037043 0.077985
0 0.309014 0.534628 0.064337 0.109178
0 0.258324 0.551091 0.089682 0.128241
0 0.177415 0.584018 0.173516 0.190629
0 0.079934 0.603948 0.159868 0.341399
0 0.445487 0.496502 0.021446 0.039859
0 0.426966 0.516432 0.042892 0.058922
0 0.463034 0.496502 0.013647 0.015597
0 0.477656 0.502568 0.015597 0.034660
0 0.495202 0.506900 0.019496 0.046791
0 0.511287 0.513832 0.026320 0.067587
0 0.545892 0.525963 0.062388 0.084917
0 0.706736 0.602215 0.198861 0.230488
0 0.859781 0.686265 0.278795 0.415918
