0 0.396162 0.422503 0.013647 0.034660
0 0.383977 0.425103 0.016572 0.036393
0 0.408834 0.435331 0.023395 0.040198
0 0.371304 0.425969 0.012673 0.031194
0 0.357657 0.430302 0.028269 0.060655
0 0.269173 0.437923 0.027822 0.038480
0 0.640741 0.398704 0.051665 0.077176
0 0.702102 0.396188 0.068747 0.074454
0 0.800122 0.404307 0.089682 0.102247
0 0.315594 0.457510 0.090657 0.105712
0 0.491311 0.434441 0.152889 0.284525
0 0.116820 0.532028 0.233639 0.429782
0 0.228195 0.440083 0.029655 0.044240
0 0.864054 0.588732 0.267781 0.500488
