1 0.508362 0.412452 0.022421 0.045058
0 0.553634 0.438470 0.046676 0.058875
1 0.684746 0.390705 0.104192 0.150940
0 0.753039 0.435847 0.090657 0.088383
0 0.477656 0.432381 0.025345 0.039859
0 0.457469 0.426524 0.008366 0.014280
0 0.439151 0.428915 0.018521 0.019063
0 0.405520 0.433248 0.031194 0.031194
0 0.370427 0.441046 0.027295 0.029461
0 0.319250 0.471386 0.055564 0.065877
0 0.270284 0.470468 0.025767 0.030814
0 0.244518 0.473307 0.025145 0.027368
0 0.213970 0.479172 0.036068 0.046791
0 0.145246 0.504301 0.103330 0.093582
0 0.046303 0.520764 0.092607 0.105712
