0 0.463947 0.450988 0.015777 0.020479
0 0.439557 0.450874 0.020886 0.023629
0 0.423936 0.450083 0.006558 0.015296
0 0.402330 0.454812 0.018584 0.022877
0 0.407679 0.475844 0.022001 0.028043
0 0.389414 0.464037 0.013699 0.019187
0 0.313366 0.463446 0.035284 0.045754
0 0.363862 0.444910 0.020377 0.011928
0 0.484576 0.459479 0.007024 0.010489
0 0.491459 0.462726 0.007867 0.019980
0 0.494570 0.463725 0.009594 0.021977
0 0.503260 0.469469 0.015172 0.028471
0 0.512183 0.472333 0.010443 0.040506
0 0.520295 0.477686 0.015105 0.051209
0 0.538499 0.481599 0.036491 0.059040
0 0.464798 0.521268 0.095890 0.116966
0 0.276629 0.477099 0.033209 0.033209
0 0.798892 0.497890 0.082595 0.067511
0 0.353756 0.496950 0.063761 0.093870
1 0.406889 0.441997 0.025287 0.034465
