0 0.911900 0.683513 0.176200 0.388090
0 0.510548 0.510542 0.029700 0.076657
0 0.407949 0.498757 0.019569 0.027697
0 0.392167 0.492987 0.015269 0.020773
0 0.302356 0.493459 0.016229 0.024235
0 0.275688 0.497498 0.021529 0.025389
0 0.259324 0.497498 0.015308 0.030005
0 0.246205 0.498075 0.024668 0.031159
0 0.221358 0.499778 0.032934 0.048735
0 0.013930 0.519874 0.026613 0.084441
0 0.342618 0.493330 0.023929 0.030691
0 0.454316 0.513485 0.088934 0.186406
0 0.374795 0.492987 0.024668 0.039237
0 0.287426 0.495190 0.012334 0.023081
0 0.589812 0.485328 0.042195 0.036929
