0 0.430799 0.598387 0.012081 0.017982
0 0.443724 0.600385 0.011519 0.021977
0 0.452995 0.604631 0.014891 0.021478
0 0.470837 0.608627 0.012924 0.026473
0 0.718211 0.682130 0.151244 0.150739
0 0.812949 0.613359 0.035596 0.063281
0 0.248401 0.618420 0.026567 0.032471
0 0.228257 0.614531 0.021094 0.037500
0 0.305381 0.612007 0.046143 0.051202
0 0.145869 0.628345 0.040681 0.056747
0 0.194022 0.625762 0.063927 0.061913
0 0.486656 0.614531 0.034277 0.037500
2 0.374595 0.577031 0.105469 0.201562
1 0.867505 0.734945 0.264990 0.318750
1 0.265836 0.599233 0.038190 0.054610
0 0.465217 0.604631 0.013486 0.030469
