0 0.251821 0.595193 0.021168 0.025293
0 0.217631 0.595937 0.012553 0.011903
0 0.204031 0.595193 0.012972 0.013390
0 0.188549 0.592218 0.014646 0.014878
0 0.167836 0.589614 0.018412 0.020085
0 0.053448 0.589739 0.055865 0.041142
0 0.134023 0.596747 0.053406 0.047924
0 0.456375 0.598480 0.014002 0.022875
0 0.489300 0.598143 0.030654 0.047767
0 0.530360 0.601171 0.031789 0.041712
0 0.673840 0.629485 0.109021 0.117526
0 0.571079 0.647927 0.101140 0.137916
0 0.361741 0.592165 0.030638 0.043041
0 0.324627 0.581057 0.048178 0.076133
