0 0.345591 0.598125 0.021094 0.042187
0 0.313291 0.602263 0.038232 0.043285
0 0.294791 0.614980 0.024962 0.050084
0 0.201436 0.628084 0.049190 0.086773
0 0.467539 0.582890 0.014502 0.039844
0 0.479405 0.584062 0.017139 0.042187
0 0.489951 0.589921 0.025049 0.030469
0 0.505113 0.596953 0.023730 0.044531
0 0.535072 0.598674 0.032365 0.071049
0 0.570811 0.602751 0.053396 0.099003
0 0.377232 0.598383 0.042187 0.046007
0 0.416783 0.598125 0.026367 0.042187
0 0.611923 0.617601 0.079275 0.099585
0 0.265171 0.616875 0.044824 0.056250
0 0.121698 0.646719 0.128743 0.128703
0 0.902598 0.722504 0.193799 0.272197
0 0.454706 0.593433 0.013802 0.017471
