0 0.450849 0.376926 0.012673 0.008665
0 0.450849 0.392523 0.010723 0.019063
0 0.465958 0.382125 0.015597 0.022529
0 0.463034 0.395122 0.017547 0.020796
0 0.415268 0.389057 0.007798 0.019063
0 0.407957 0.392523 0.006824 0.015597
0 0.405033 0.376926 0.010723 0.015597
0 0.161818 0.409853 0.056539 0.064121
0 0.089682 0.419384 0.085783 0.072786
0 0.022421 0.427182 0.044841 0.084917
0 0.387974 0.376926 0.009748 0.012131
0 0.391873 0.396855 0.027295 0.038126
0 0.433789 0.402921 0.033143 0.046791
0 0.244186 0.439313 0.133543 0.157702
1 0.503001 0.374326 0.062388 0.124775
2 0.653325 0.387162 0.147763 0.181640
0 0.549326 0.399236 0.029039 0.029254
0 0.326692 0.385039 0.100669 0.030115
