0 0.385049 0.269480 0.017547 0.050257
0 0.372377 0.270347 0.023395 0.062388
0 0.325284 0.278145 0.085180 0.116110
0 0.288770 0.305966 0.097934 0.136720
0 0.231101 0.337522 0.136617 0.163725
0 0.440613 0.257349 0.019496 0.036393
0 0.450849 0.271213 0.014622 0.032927
0 0.458647 0.288543 0.020471 0.053723
0 0.484479 0.304140 0.038992 0.067587
0 0.538005 0.305007 0.074264 0.124775
0 0.598378 0.353530 0.146529 0.190629
0 0.120878 0.398198 0.241755 0.274594
0 0.026320 0.538960 0.050690 0.249551
0 0.792031 0.485238 0.414293 0.422850
0 0.417442 0.251250 0.014502 0.028125
