0 0.359486 0.327706 0.022037 0.035913
0 0.342958 0.330154 0.012855 0.037545
0 0.330103 0.326889 0.020201 0.040810
0 0.313116 0.329338 0.026629 0.045707
0 0.295210 0.331787 0.027547 0.053869
0 0.410907 0.323625 0.014692 0.021221
0 0.517415 0.326889 0.015624 0.037545
0 0.528900 0.324441 0.018365 0.042443
0 0.609704 0.322400 0.018365 0.026119
0 0.627609 0.350967 0.037647 0.070193
0 0.654927 0.348519 0.066112 0.084885
0 0.271796 0.332031 0.036729 0.065296
0 0.238280 0.336112 0.054175 0.070193
0 0.177218 0.346723 0.078968 0.097944
0 0.137734 0.356518 0.066112 0.097944
0 0.070704 0.377630 0.141407 0.143652
0 0.396732 0.321856 0.014223 0.024486
0 0.439678 0.323685 0.026629 0.030622
0 0.488211 0.330076 0.028197 0.034396
0 0.576495 0.346342 0.092741 0.112636
0 0.725101 0.365545 0.110865 0.103734
0 0.983492 0.452472 0.029803 0.154710
