0 0.635372 0.552528 0.015776 0.020568
0 0.669449 0.555333 0.015776 0.026177
0 0.688381 0.554398 0.024191 0.028047
0 0.649466 0.549723 0.019984 0.026177
0 0.614757 0.550658 0.017880 0.016828
0 0.524367 0.560820 0.010010 0.011647
0 0.438141 0.573923 0.052741 0.063478
0 0.511404 0.564805 0.018441 0.018452
0 0.586360 0.555333 0.011569 0.014958
0 0.578997 0.555333 0.009466 0.011219
0 0.552177 0.558331 0.012621 0.017216
0 0.543237 0.559072 0.009466 0.011219
0 0.568027 0.557326 0.008517 0.009318
0 0.712046 0.555426 0.037864 0.033471
0 0.126390 0.759142 0.250386 0.478671
