0 0.575079 0.550882 0.008608 0.020403
0 0.580339 0.556833 0.013389 0.025504
0 0.585121 0.560233 0.013389 0.028904
0 0.595641 0.560233 0.024866 0.039106
0 0.598988 0.566184 0.020084 0.037406
0 0.613334 0.570435 0.023910 0.059509
0 0.642026 0.577236 0.039212 0.073111
0 0.671674 0.584037 0.060253 0.107116
0 0.492351 0.555983 0.011477 0.027204
0 0.485178 0.557683 0.012433 0.037406
0 0.471788 0.557683 0.025823 0.040806
0 0.457442 0.556833 0.018171 0.039106
0 0.415074 0.560233 0.038256 0.049307
0 0.277265 0.577236 0.079013 0.120718
0 0.178463 0.603590 0.153023 0.136020
0 0.372237 0.574685 0.063104 0.071411
0 0.708723 0.600228 0.086809 0.115695
2 0.535707 0.533942 0.073156 0.162885
