0 0.427098 0.477395 0.014550 0.042223
0 0.402794 0.472449 0.026490 0.057370
0 0.356767 0.507730 0.053008 0.072024
0 0.587521 0.533265 0.050599 0.068747
0 0.622281 0.545984 0.069378 0.094186
2 0.164514 0.343930 0.329028 0.681273
0 0.326759 0.520195 0.023267 0.078488
0 0.681808 0.552756 0.126762 0.093543
0 0.895321 0.604843 0.206987 0.248740
0 0.530355 0.508698 0.026207 0.032030
0 0.465166 0.462336 0.011793 0.015013
0 0.448016 0.465591 0.020330 0.021260
0 0.494655 0.471969 0.020330 0.034016
0 0.511397 0.480473 0.025113 0.034016
