0 0.613696 0.457031 0.032959 0.058594
0 0.649951 0.468750 0.034277 0.067969
0 0.673681 0.469922 0.034277 0.056250
0 0.705981 0.465075 0.054053 0.061256
0 0.758017 0.499218 0.092363 0.091406
0 0.489735 0.426503 0.028172 0.049338
0 0.443628 0.444140 0.017139 0.042187
0 0.425052 0.438281 0.020012 0.030469
0 0.378369 0.434765 0.018457 0.023437
0 0.230245 0.453373 0.059710 0.069302
0 0.167837 0.466406 0.062470 0.058594
0 0.108593 0.478415 0.108430 0.103079
0 0.470654 0.453515 0.039551 0.060937
0 0.547119 0.481640 0.092285 0.112500
0 0.400335 0.445312 0.028112 0.049219
0 0.322383 0.439453 0.082969 0.112500
0 0.873836 0.506166 0.148504 0.161551
0 0.951384 0.509598 0.090967 0.154687
0 0.035215 0.500223 0.070430 0.131250
0 0.206049 0.468806 0.043896 0.055907
