0 0.539957 0.387492 0.016954 0.043453
0 0.501576 0.399828 0.030059 0.068125
0 0.596548 0.365016 0.012656 0.022500
0 0.615532 0.371766 0.027000 0.033000
0 0.640001 0.392766 0.052312 0.060000
0 0.449625 0.394891 0.060750 0.075000
0 0.695340 0.440994 0.122889 0.152206
0 0.208734 0.463285 0.211781 0.220788
0 0.018891 0.440641 0.036281 0.079500
2 0.750375 0.344101 0.081000 0.065799
0 0.837277 0.343500 0.050019 0.090000
0 0.902549 0.342900 0.055687 0.070800
0 0.970657 0.342410 0.022830 0.039220
0 0.994728 0.343050 0.008437 0.037500
0 0.073350 0.405703 0.080420 0.091406
