0 0.057514 0.573620 0.115027 0.166367
0 0.197399 0.563222 0.162793 0.128241
0 0.619003 0.529429 0.099430 0.067587
0 0.667743 0.516432 0.044841 0.041592
0 0.702349 0.534628 0.032169 0.071053
0 0.840284 0.523364 0.046791 0.041592
0 0.802267 0.525096 0.033143 0.045058
0 0.924118 0.529429 0.035093 0.043325
0 0.500564 0.519031 0.028269 0.036393
0 0.393822 0.519898 0.029244 0.034660
0 0.409907 0.511233 0.010723 0.027728
0 0.420142 0.506034 0.011698 0.024262
0 0.430865 0.499968 0.007798 0.022529
0 0.488379 0.504301 0.019496 0.024262
0 0.475219 0.496502 0.010723 0.015597
0 0.442075 0.497369 0.008773 0.020796
0 0.450361 0.493903 0.007798 0.013864
0 0.459134 0.488704 0.005849 0.013864
