0 0.685606 0.418591 0.087478 0.119294
0 0.718039 0.422157 0.078773 0.110865
0 0.796398 0.414022 0.160629 0.192857
0 0.272900 0.484427 0.065550 0.086877
0 0.194825 0.512873 0.095369 0.093250
0 0.902987 0.432940 0.193218 0.329410
0 0.555609 0.411903 0.015497 0.027551
0 0.519846 0.419320 0.020266 0.025432
0 0.481850 0.442839 0.048876 0.079970
0 0.609066 0.421096 0.034948 0.033065
0 0.039458 0.564486 0.078915 0.121765
0 0.414232 0.449736 0.029779 0.029118
0 0.449971 0.433853 0.014897 0.029118
0 0.433291 0.447089 0.017868 0.023824
