0 0.346115 0.405711 0.015987 0.021316
0 0.331327 0.410684 0.016786 0.028421
0 0.317739 0.411395 0.019984 0.038368
0 0.300153 0.412816 0.021582 0.041211
0 0.278171 0.409078 0.027178 0.064999
0 0.248196 0.417790 0.045563 0.068211
0 0.197837 0.436263 0.071141 0.085263
0 0.081133 0.444790 0.162266 0.153474
0 0.487199 0.438395 0.016786 0.038368
0 0.506383 0.436263 0.029576 0.062526
0 0.521171 0.449763 0.038368 0.072474
0 0.575839 0.462245 0.104888 0.117331
0 0.413012 0.466105 0.143386 0.227368
0 0.656506 0.432471 0.076585 0.078449
