0 0.370087 0.428525 0.021414 0.029284
0 0.350732 0.430721 0.017296 0.027820
0 0.310787 0.435846 0.016472 0.029284
0 0.333848 0.435846 0.028003 0.032213
0 0.290196 0.438774 0.032945 0.038069
0 0.416210 0.433650 0.018120 0.027820
0 0.477569 0.427793 0.009060 0.021963
0 0.495277 0.438042 0.034592 0.045390
0 0.525339 0.453416 0.025532 0.043926
0 0.548400 0.452684 0.033768 0.062961
0 0.581345 0.458541 0.063418 0.101030
0 0.647509 0.490754 0.084833 0.130314
0 0.824665 0.535412 0.282659 0.254772
0 0.450576 0.482559 0.075696 0.125074
0 0.158038 0.514181 0.257727 0.308948
0 0.391681 0.446928 0.035947 0.048817
0 0.265369 0.438940 0.021967 0.041716
