0 0.842448 0.579147 0.311805 0.634583
0 0.031128 0.503093 0.062257 0.160825
0 0.094589 0.482157 0.083926 0.092334
0 0.151933 0.472373 0.051031 0.051976
0 0.219781 0.483231 0.075387 0.087146
0 0.269289 0.477320 0.028269 0.070103
0 0.305026 0.465979 0.030155 0.043299
0 0.336566 0.458795 0.031300 0.037050
0 0.375773 0.447505 0.037113 0.039340
0 0.714862 0.484273 0.093781 0.092898
0 0.657861 0.477113 0.019535 0.061856
0 0.523415 0.458920 0.049871 0.080105
0 0.453276 0.507629 0.114066 0.165773
0 0.612122 0.474513 0.074726 0.101507
0 0.574098 0.468041 0.016237 0.037113
0 0.546843 0.440206 0.012758 0.039175
