0 0.205989 0.830623 0.064276 0.060399
0 0.137581 0.837152 0.070704 0.083253
0 0.059991 0.842866 0.097332 0.097944
0 0.009029 0.855109 0.017446 0.076723
0 0.324900 0.822461 0.032138 0.037545
0 0.351529 0.820012 0.021119 0.035913
0 0.368975 0.820012 0.022956 0.029383
0 0.417182 0.813483 0.022037 0.019589
0 0.394226 0.818528 0.020201 0.029680
0 0.573587 0.812666 0.012855 0.024486
0 0.646586 0.824093 0.032138 0.063664
0 0.828782 0.840065 0.117929 0.143845
0 0.919606 0.863271 0.158854 0.187727
0 0.672143 0.832255 0.033056 0.057134
0 0.695099 0.799607 0.031220 0.027751
0 0.286069 0.825424 0.038179 0.044678
0 0.718869 0.839601 0.066517 0.075091
0 0.602608 0.813769 0.031220 0.043498
