0 0.377891 0.501092 0.014502 0.030936
0 0.359521 0.506455 0.023913 0.038027
0 0.348420 0.512740 0.020710 0.054230
0 0.451719 0.510234 0.019775 0.039844
0 0.472154 0.514922 0.031641 0.063281
0 0.493169 0.519609 0.026523 0.077344
0 0.529487 0.516093 0.075115 0.112500
0 0.609263 0.547869 0.129199 0.189574
0 0.811631 0.599176 0.365185 0.316647
0 0.168413 0.563146 0.157167 0.248082
0 0.319720 0.522647 0.059620 0.069358
0 0.082488 0.637968 0.164976 0.398437
0 0.976426 0.727031 0.046143 0.300000
0 0.429951 0.505495 0.022603 0.034942
