0 0.020958 0.683665 0.041917 0.244352
0 0.223036 0.530295 0.220696 0.183697
0 0.361447 0.504264 0.060026 0.117771
0 0.377689 0.469989 0.055663 0.090812
0 0.405520 0.477439 0.029244 0.077985
0 0.423400 0.480745 0.028500 0.048337
0 0.447437 0.484371 0.017547 0.036393
0 0.462546 0.481772 0.010723 0.027728
0 0.470345 0.480039 0.016572 0.031194
0 0.481555 0.479172 0.009748 0.019063
0 0.905109 0.617812 0.186188 0.299808
0 0.780821 0.552824 0.169617 0.155969
0 0.633921 0.503557 0.075444 0.088137
0 0.599866 0.495595 0.024114 0.057072
0 0.577567 0.492170 0.032183 0.048524
0 0.559052 0.493036 0.022421 0.039859
0 0.544918 0.484371 0.013647 0.022529
0 0.533707 0.485238 0.010723 0.020796
0 0.512262 0.483505 0.018521 0.031194
