0 0.473847 0.467327 0.016052 0.021594
0 0.453911 0.473670 0.025710 0.044075
0 0.432792 0.481016 0.029383 0.048972
0 0.420397 0.498507 0.035814 0.047754
0 0.529555 0.468258 0.012158 0.026721
0 0.548948 0.472854 0.026629 0.048972
0 0.567312 0.478567 0.022956 0.047340
0 0.585983 0.479005 0.030914 0.069317
0 0.607177 0.479195 0.044231 0.091037
0 0.640311 0.494075 0.069785 0.117533
0 0.230406 0.479010 0.045438 0.085632
0 0.344560 0.506709 0.094231 0.115901
0 0.394889 0.500180 0.026629 0.099577
0 0.715810 0.522341 0.154262 0.149933
