0 0.565974 0.368121 0.007489 0.013314
0 0.564895 0.382940 0.008149 0.010999
0 0.580577 0.376775 0.008238 0.011982
0 0.577582 0.386760 0.012731 0.013314
0 0.595555 0.388092 0.012731 0.015976
0 0.507424 0.414355 0.006552 0.007571
0 0.374057 0.450931 0.092461 0.093987
0 0.405765 0.398538 0.045040 0.023555
0 0.015633 0.602441 0.031266 0.186391
0 0.580203 0.398077 0.013480 0.017308
0 0.577625 0.416429 0.017886 0.022059
0 0.542009 0.436110 0.037445 0.055739
0 0.533397 0.379438 0.008238 0.017308
0 0.541261 0.392674 0.014978 0.017154
0 0.776787 0.511243 0.214932 0.270266
0 0.580147 0.349826 0.010483 0.007343
0 0.565712 0.352811 0.011982 0.015976
0 0.559346 0.348151 0.008238 0.014645
0 0.549985 0.344822 0.008987 0.010651
0 0.516597 0.393389 0.017689 0.016889
