0 0.331297 0.234062 0.049552 0.046885
0 0.287807 0.236133 0.035087 0.044531
0 0.249246 0.245508 0.044976 0.063281
0 0.203686 0.245525 0.061963 0.086656
0 0.148975 0.268705 0.084375 0.087198
0 0.065652 0.289916 0.083843 0.105714
0 0.015820 0.302929 0.031641 0.089062
0 0.387597 0.219726 0.047461 0.082031
0 0.473291 0.331687 0.229394 0.324703
0 0.547119 0.200976 0.021094 0.049219
0 0.570849 0.195117 0.031641 0.056250
0 0.599194 0.207650 0.040869 0.090691
0 0.644677 0.219726 0.081738 0.110156
0 0.707234 0.237305 0.091097 0.150000
0 0.877768 0.267462 0.236691 0.286201
0 0.975659 0.318664 0.045335 0.221655
