0 0.488804 0.636638 0.012855 0.016324
0 0.482376 0.641536 0.014692 0.019589
0 0.473653 0.648065 0.015610 0.019589
0 0.467225 0.656227 0.017446 0.022854
0 0.450111 0.661475 0.031474 0.041741
0 0.395144 0.699486 0.056930 0.083253
0 0.509923 0.639087 0.011019 0.017956
0 0.518187 0.645617 0.016528 0.021221
0 0.527361 0.657509 0.020218 0.026820
0 0.559966 0.697038 0.028465 0.058767
0 0.439578 0.681661 0.029408 0.034360
0 0.500194 0.635822 0.011019 0.017956
0 0.537070 0.674411 0.027844 0.041988
0 0.335085 0.740334 0.096246 0.119091
0 0.584759 0.706016 0.059685 0.086518
0 0.632033 0.751520 0.078049 0.155543
0 0.724941 0.813116 0.224966 0.290923
0 0.158464 0.806471 0.248478 0.267673
0 0.061186 0.884378 0.122372 0.227765
0 0.880502 0.855831 0.235782 0.284861
