0 0.382612 0.419384 0.026320 0.027728
0 0.357754 0.418518 0.021446 0.039859
0 0.339233 0.426316 0.011698 0.017330
0 0.328998 0.430648 0.010723 0.019063
0 0.313401 0.430648 0.018521 0.025995
0 0.295367 0.443646 0.013647 0.034660
0 0.272946 0.447978 0.035093 0.046791
0 0.218931 0.452805 0.053314 0.067875
2 0.437689 0.407253 0.027295 0.045058
0 0.459704 0.435998 0.031988 0.046490
0 0.415268 0.492170 0.087733 0.124775
0 0.644835 0.476568 0.032169 0.097056
0 0.578695 0.492170 0.122144 0.166367
0 0.712758 0.475126 0.108833 0.135747
0 0.817864 0.506034 0.191062 0.187163
0 0.930941 0.564955 0.132574 0.145571
0 0.482975 0.424505 0.021853 0.027173
