0 0.035387 0.849276 0.068860 0.260139
0 0.220448 0.727708 0.100421 0.119018
0 0.288830 0.709005 0.040168 0.068010
0 0.326858 0.694729 0.032062 0.042857
0 0.491107 0.725158 0.050689 0.090113
0 0.744551 0.770215 0.354822 0.411461
0 0.566738 0.760318 0.086880 0.166014
0 0.452852 0.710706 0.029648 0.074811
0 0.427986 0.701354 0.018171 0.052708
0 0.359125 0.688752 0.020084 0.030905
0 0.339519 0.687752 0.015302 0.035705
1 0.405988 0.685202 0.018171 0.023804
0 0.378827 0.682421 0.012621 0.024307
0 0.911368 0.787160 0.176645 0.420091
