0 0.103455 0.597016 0.206546 0.417651
0 0.227130 0.562356 0.146221 0.185430
0 0.313888 0.533724 0.093582 0.128315
0 0.341670 0.499102 0.090657 0.103980
0 0.383587 0.489570 0.038018 0.095315
0 0.405520 0.485493 0.035093 0.065342
0 0.425991 0.485238 0.017547 0.048524
0 0.439067 0.473841 0.018353 0.025731
0 0.818511 0.558023 0.361973 0.429782
0 0.624590 0.525583 0.123350 0.198535
0 0.581377 0.495182 0.078768 0.143012
0 0.535657 0.505167 0.014622 0.060655
0 0.522984 0.505167 0.016572 0.050257
0 0.508850 0.482638 0.015597 0.025995
1 0.471320 0.473107 0.034118 0.062388
