0 0.396675 0.520738 0.009182 0.017956
0 0.387033 0.524819 0.010101 0.026119
0 0.342499 0.522370 0.012855 0.017956
0 0.259704 0.547915 0.049275 0.061545
0 0.404480 0.523186 0.011937 0.032648
0 0.414580 0.524819 0.022956 0.039178
0 0.365672 0.530811 0.038474 0.054194
0 0.433338 0.537995 0.022956 0.055502
0 0.465935 0.538811 0.060603 0.093047
0 0.596897 0.563979 0.167808 0.218475
0 0.315158 0.556397 0.071462 0.097145
0 0.917973 0.576745 0.162004 0.170718
0 0.948596 0.639903 0.100087 0.254655
0 0.837902 0.568109 0.044993 0.055502
