0 0.540440 0.418374 0.020874 0.034550
0 0.374529 0.427331 0.023033 0.044787
0 0.338518 0.441407 0.063298 0.098531
0 0.574630 0.417094 0.060462 0.090853
0 0.595312 0.430947 0.049329 0.086180
0 0.668562 0.451644 0.140358 0.177867
0 0.860025 0.464994 0.275678 0.340551
0 0.962595 0.610317 0.073418 0.305829
0 0.103177 0.536739 0.204434 0.212417
0 0.254685 0.477236 0.110127 0.136919
0 0.418158 0.443397 0.071740 0.084596
0 0.451546 0.409416 0.024473 0.026872
0 0.481777 0.398540 0.011517 0.015355
0 0.506622 0.429875 0.042443 0.031960
