0 0.240033 0.494885 0.050278 0.079458
0 0.389595 0.465439 0.019454 0.044005
0 0.377891 0.475078 0.019775 0.049219
0 0.358116 0.480937 0.038232 0.079687
0 0.491270 0.466477 0.014502 0.023295
0 0.471224 0.461910 0.031780 0.058053
0 0.538731 0.469680 0.014502 0.032030
0 0.560484 0.471136 0.029004 0.047754
0 0.588169 0.477691 0.042187 0.054444
0 0.626441 0.485695 0.047381 0.061731
0 0.307359 0.490312 0.084375 0.126562
0 0.427329 0.470390 0.047461 0.100781
0 0.517637 0.462691 0.035596 0.059984
0 0.679302 0.494538 0.087343 0.075923
