0 0.328680 0.473206 0.012872 0.030802
0 0.310335 0.473995 0.021016 0.037362
0 0.293522 0.477731 0.021016 0.074723
0 0.402105 0.470258 0.014011 0.034871
0 0.411211 0.469013 0.015412 0.037362
0 0.430872 0.471844 0.033625 0.044834
0 0.256394 0.480333 0.064449 0.089444
0 0.502579 0.463969 0.028826 0.027524
0 0.538798 0.459763 0.054821 0.034686
0 0.655998 0.445605 0.118259 0.101226
0 0.808652 0.430017 0.057244 0.061554
0 0.700824 0.475438 0.031917 0.074123
0 0.762317 0.482387 0.110684 0.081351
0 0.942074 0.404751 0.061647 0.017435
0 0.903881 0.483745 0.189816 0.152509
0 0.457905 0.494797 0.050966 0.062281
