0 0.323179 0.492656 0.015820 0.032812
0 0.313951 0.496172 0.021094 0.030469
0 0.297471 0.505700 0.030322 0.035464
0 0.384483 0.498515 0.009229 0.025781
0 0.393711 0.498515 0.017139 0.025781
0 0.408261 0.509012 0.030227 0.037400
0 0.426011 0.517265 0.026367 0.058594
0 0.453037 0.512578 0.046143 0.091406
0 0.476768 0.528984 0.043506 0.096094
0 0.215074 0.537187 0.029004 0.060937
0 0.081894 0.563026 0.094871 0.107927
0 0.265040 0.522515 0.034015 0.040969
0 0.518608 0.538883 0.087636 0.106518
0 0.170196 0.541165 0.068662 0.089277
0 0.021275 0.572343 0.042187 0.159375
0 0.792515 0.554765 0.068555 0.063281
