0 0.539260 0.491756 0.015497 0.027551
0 0.525035 0.496497 0.018941 0.033673
0 0.498739 0.502583 0.031784 0.045425
0 0.638253 0.500323 0.018080 0.026020
0 0.682162 0.498793 0.047353 0.035204
0 0.706410 0.511254 0.063712 0.047449
0 0.747431 0.519229 0.082773 0.061245
0 0.939362 0.566811 0.118215 0.116139
0 0.432899 0.513066 0.063878 0.066390
0 0.100899 0.506944 0.092771 0.044829
0 0.615526 0.517915 0.034724 0.043475
0 0.573683 0.493309 0.015899 0.026701
0 0.478910 0.484764 0.009144 0.017940
0 0.358866 0.493848 0.020638 0.018636
0 0.653277 0.495918 0.019074 0.025432
0 0.856413 0.551020 0.066758 0.093250
