0 0.388670 0.559554 0.029252 0.062404
0 0.364127 0.567051 0.012815 0.018286
0 0.498072 0.583475 0.028082 0.101926
0 0.579479 0.587635 0.047800 0.089445
0 0.602208 0.599076 0.053823 0.108166
0 0.653682 0.613722 0.095965 0.145779
0 0.755170 0.645879 0.190186 0.230894
0 0.330361 0.566644 0.026524 0.029118
0 0.144048 0.579865 0.024416 0.050902
0 0.094398 0.584230 0.077225 0.074314
0 0.062806 0.564754 0.023401 0.022881
0 0.029063 0.592836 0.058126 0.087365
0 0.890046 0.688521 0.217633 0.361942
0 0.433133 0.634438 0.136898 0.220493
0 0.200874 0.566834 0.014041 0.027042
