0 0.136832 0.645838 0.273663 0.332877
0 0.942618 0.484379 0.113626 0.283088
0 0.839394 0.438146 0.256059 0.264594
0 0.272463 0.516828 0.154436 0.186893
0 0.382288 0.483048 0.047172 0.092649
0 0.396492 0.473709 0.028006 0.068282
0 0.416096 0.463040 0.017604 0.061170
0 0.426899 0.450949 0.024806 0.048367
0 0.442102 0.441702 0.018404 0.041254
0 0.454905 0.433878 0.013603 0.036986
0 0.643487 0.421215 0.103748 0.125465
0 0.589625 0.419272 0.067438 0.113044
0 0.551327 0.419652 0.032007 0.076818
0 0.535724 0.426054 0.020005 0.061170
0 0.477885 0.433069 0.019114 0.024885
