0 0.374168 0.416778 0.030016 0.032217
0 0.318485 0.421702 0.012085 0.039502
0 0.306401 0.421009 0.025338 0.054748
0 0.288664 0.422741 0.026508 0.060986
0 0.262741 0.424127 0.040931 0.076232
0 0.229262 0.433483 0.047262 0.082469
0 0.185361 0.438334 0.063931 0.085241
0 0.099795 0.454274 0.114998 0.119892
0 0.425882 0.411307 0.008576 0.010395
0 0.433130 0.411210 0.009039 0.018519
0 0.444593 0.409920 0.006237 0.015939
0 0.452779 0.412346 0.019491 0.027721
0 0.459991 0.416978 0.023779 0.031441
0 0.469932 0.423620 0.018712 0.046111
0 0.482796 0.428279 0.022610 0.055429
0 0.494490 0.430365 0.027288 0.069302
0 0.517630 0.434770 0.063652 0.080885
0 0.595455 0.453234 0.114608 0.159394
0 0.709088 0.471945 0.211284 0.250873
0 0.023453 0.463629 0.046906 0.153850
0 0.864352 0.544713 0.270309 0.507290
