0 0.540810 0.456713 0.011208 0.018406
0 0.532403 0.457472 0.011208 0.014945
0 0.521895 0.461624 0.009807 0.028229
0 0.511387 0.459963 0.014011 0.024908
0 0.495859 0.469428 0.024985 0.028876
0 0.400003 0.474493 0.040631 0.047325
0 0.564576 0.455492 0.014114 0.019287
0 0.578638 0.452076 0.011208 0.027399
0 0.586344 0.454567 0.012610 0.032380
0 0.601756 0.457057 0.032224 0.052306
0 0.622772 0.473247 0.037829 0.079705
0 0.657798 0.485701 0.071454 0.099631
0 0.746504 0.513912 0.182181 0.197448
0 0.212033 0.567541 0.246713 0.239114
