0 0.289031 0.383858 0.012673 0.015597
0 0.179852 0.409853 0.039967 0.032927
0 0.146709 0.408986 0.022421 0.041592
0 0.050690 0.384724 0.031194 0.027728
0 0.049715 0.428915 0.054589 0.057189
0 0.428428 0.380392 0.012673 0.025995
0 0.496665 0.378659 0.024370 0.036393
0 0.556615 0.365661 0.019496 0.020796
0 0.523959 0.384724 0.045816 0.058922
0 0.685972 0.377966 0.061413 0.064121
0 0.762982 0.391829 0.112103 0.112644
0 0.018521 0.431515 0.037043 0.072786
0 0.948878 0.498235 0.101380 0.240886
0 0.112103 0.408120 0.048740 0.057189
0 0.259299 0.389057 0.035093 0.032927
0 0.217870 0.413319 0.055564 0.060655
0 0.333872 0.381258 0.016572 0.027728
0 0.369452 0.374326 0.013647 0.013864
0 0.396747 0.375193 0.011698 0.015597
0 0.449874 0.379525 0.032169 0.051990
0 0.619003 0.452311 0.189113 0.211425
