0 0.225577 0.402394 0.033484 0.038268
0 0.192422 0.402640 0.040884 0.049366
0 0.158452 0.407126 0.029897 0.036142
0 0.130349 0.410315 0.028701 0.042520
0 0.101649 0.406063 0.052618 0.059528
0 0.038268 0.407126 0.076535 0.074409
0 0.381141 0.353206 0.006879 0.016889
0 0.362727 0.376574 0.014226 0.020237
0 0.399419 0.340158 0.011959 0.012756
0 0.395832 0.348662 0.009567 0.012756
0 0.404203 0.349725 0.011959 0.014882
0 0.572334 0.354953 0.021062 0.023877
0 0.519604 0.355039 0.013155 0.012756
0 0.531563 0.358228 0.015546 0.019134
0 0.545229 0.365874 0.016113 0.017764
0 0.592495 0.380755 0.021526 0.025512
0 0.603315 0.386929 0.017938 0.021260
0 0.609892 0.391181 0.014350 0.021260
1 0.635952 0.379489 0.037769 0.053148
0 0.663938 0.398574 0.016520 0.027485
0 0.708126 0.413481 0.018788 0.022130
1 0.763560 0.378637 0.089691 0.140738
0 0.804283 0.416393 0.085032 0.094344
0 0.848656 0.434958 0.086920 0.100309
0 0.923089 0.449236 0.151875 0.126253
0 0.681063 0.409348 0.038614 0.051362
0 0.411976 0.361949 0.020330 0.014882
0 0.414368 0.376831 0.025113 0.023386
