0 0.566444 0.454265 0.017995 0.021327
0 0.507662 0.458531 0.013196 0.012796
0 0.494466 0.462796 0.013196 0.012796
0 0.478870 0.467061 0.017995 0.017062
0 0.457877 0.473459 0.023993 0.021327
0 0.430285 0.479858 0.047986 0.038389
0 0.361526 0.503317 0.066421 0.068246
0 0.090186 0.586493 0.178747 0.217535
0 0.542768 0.460362 0.013829 0.009900
0 0.585643 0.461248 0.022784 0.026763
0 0.598835 0.468128 0.027592 0.023460
0 0.637016 0.473951 0.061192 0.074644
0 0.835764 0.548854 0.225533 0.241628
0 0.936452 0.574763 0.124927 0.343365
