0 0.419129 0.476801 0.007362 0.016828
0 0.405982 0.482410 0.010518 0.009349
0 0.394938 0.488955 0.011569 0.018698
0 0.383850 0.487733 0.006400 0.011065
0 0.428595 0.486150 0.009466 0.013089
1 0.438061 0.480540 0.011569 0.024307
0 0.450156 0.501108 0.008414 0.013089
0 0.456467 0.503913 0.008414 0.018698
0 0.463829 0.507555 0.012621 0.011023
0 0.476976 0.517793 0.011569 0.024595
0 0.419129 0.542244 0.078882 0.110319
2 0.582153 0.483345 0.118850 0.153324
0 0.512319 0.520741 0.069635 0.104709
0 0.714149 0.560942 0.135678 0.132756
