0 0.166994 0.609562 0.330088 0.491268
0 0.305586 0.509500 0.205684 0.305007
0 0.871478 0.624098 0.253450 0.280302
0 0.727381 0.548870 0.183148 0.195071
0 0.632163 0.539827 0.067262 0.123042
0 0.587670 0.533192 0.037321 0.082045
0 0.566363 0.525096 0.027295 0.065854
0 0.555640 0.525963 0.025345 0.067587
0 0.542481 0.517298 0.014622 0.036393
0 0.533707 0.521631 0.018521 0.038126
0 0.523959 0.513832 0.014622 0.015597
0 0.415756 0.545026 0.032169 0.102247
0 0.435739 0.525096 0.023395 0.065854
0 0.451823 0.523364 0.020471 0.055456
0 0.464983 0.518165 0.007798 0.041592
0 0.474731 0.512099 0.013647 0.032927
