0 0.514788 0.546338 0.095899 0.142476
1 0.558854 0.470524 0.058963 0.116415
0 0.628437 0.495722 0.032489 0.042184
0 0.036262 0.550401 0.064602 0.075843
0 0.109298 0.536316 0.074263 0.073676
0 0.196548 0.533065 0.051194 0.049839
0 0.242866 0.527447 0.039005 0.051604
0 0.281034 0.511622 0.027580 0.032053
0 0.316679 0.510829 0.025737 0.029304
0 0.335280 0.493785 0.023913 0.040640
0 0.400408 0.482684 0.025597 0.032504
0 0.428443 0.488102 0.023159 0.030337
0 0.471114 0.500254 0.015827 0.029118
0 0.603897 0.486265 0.019327 0.038411
