0 0.410331 0.688692 0.009177 0.013595
0 0.416067 0.692091 0.008412 0.014955
0 0.423332 0.694130 0.009177 0.016314
0 0.433273 0.692091 0.012236 0.023112
0 0.440538 0.692771 0.009941 0.024471
0 0.452774 0.696849 0.016059 0.029909
0 0.468833 0.696849 0.029824 0.040785
0 0.338392 0.702190 0.006883 0.009517
0 0.331127 0.702870 0.007647 0.008157
0 0.322988 0.706656 0.008412 0.012236
0 0.308950 0.702190 0.018353 0.023112
0 0.295567 0.702870 0.020648 0.029909
0 0.183917 0.732899 0.040531 0.045985
0 0.235540 0.724940 0.055052 0.067340
0 0.103680 0.760863 0.120223 0.155492
0 0.028104 0.791918 0.056208 0.161782
0 0.388099 0.730740 0.074943 0.101964
0 0.598759 0.672572 0.046437 0.038849
