0 0.069699 0.605681 0.139398 0.431515
0 0.170932 0.570154 0.148853 0.169833
0 0.251500 0.545892 0.101380 0.131707
0 0.309014 0.522497 0.056539 0.095315
0 0.339233 0.519898 0.023395 0.076252
0 0.352393 0.516432 0.024370 0.062388
1 0.846133 0.408986 0.300241 0.814506
0 0.628676 0.527696 0.087884 0.091849
0 0.580498 0.519031 0.049715 0.077985
0 0.546717 0.513357 0.041242 0.056490
0 0.496016 0.502930 0.025666 0.031919
0 0.481555 0.500835 0.019496 0.034660
0 0.474244 0.498235 0.012673 0.036393
0 0.380856 0.498748 0.022033 0.028436
0 0.394797 0.498235 0.013647 0.032927
0 0.437201 0.496502 0.012673 0.015597
1 0.417176 0.490435 0.018017 0.019638
