0 0.472652 0.505002 0.026109 0.046411
0 0.496478 0.508022 0.032193 0.057231
0 0.526819 0.515881 0.065281 0.087595
0 0.608316 0.534779 0.091979 0.125612
0 0.362786 0.480582 0.016389 0.026709
0 0.357323 0.489081 0.013658 0.024281
0 0.349128 0.493937 0.013658 0.029137
0 0.342299 0.500007 0.016389 0.031565
0 0.273327 0.524287 0.028681 0.050989
0 0.098275 0.539788 0.064206 0.126823
0 0.303203 0.513366 0.031069 0.043695
0 0.334788 0.509719 0.017755 0.021853
0 0.419175 0.506077 0.032363 0.053417
0 0.230089 0.523154 0.060528 0.073003
0 0.726458 0.553833 0.230199 0.220137
0 0.388053 0.462372 0.028681 0.024281
0 0.041400 0.576491 0.082801 0.116547
