0 0.022503 0.491684 0.045005 0.272880
0 0.171568 0.357422 0.031641 0.044531
0 0.198356 0.350294 0.021937 0.016889
0 0.144542 0.359765 0.032959 0.035156
0 0.115538 0.365625 0.027686 0.037500
0 0.095103 0.369140 0.031641 0.044531
0 0.060167 0.382402 0.038232 0.050821
0 0.024571 0.386718 0.032959 0.051562
0 0.350021 0.338305 0.031775 0.054640
0 0.387047 0.343985 0.033104 0.050471
0 0.411775 0.335264 0.018990 0.023654
0 0.429307 0.331640 0.011865 0.021094
0 0.452378 0.344143 0.031641 0.052339
0 0.471756 0.336317 0.009751 0.015724
0 0.832284 0.450989 0.334426 0.363647
0 0.512666 0.350003 0.045206 0.059402
