0 0.455506 0.570827 0.008371 0.019134
0 0.466866 0.576142 0.009567 0.017008
0 0.474639 0.582520 0.013155 0.017008
0 0.485402 0.593150 0.017938 0.034016
0 0.512548 0.598126 0.033484 0.046520
0 0.553327 0.617067 0.032767 0.091417
0 0.568037 0.633012 0.026309 0.076535
0 0.613245 0.633035 0.075340 0.116929
0 0.684514 0.665926 0.119587 0.177598
0 0.852288 0.738833 0.292043 0.316027
0 0.434900 0.580205 0.008775 0.011315
0 0.397626 0.607500 0.046639 0.065906
0 0.423935 0.596339 0.010763 0.027638
0 0.423337 0.572953 0.011959 0.014882
0 0.359358 0.592087 0.032288 0.044646
0 0.322701 0.617196 0.030727 0.073605
0 0.285345 0.622045 0.044509 0.079050
0 0.223627 0.627963 0.093278 0.129154
0 0.139318 0.665433 0.120783 0.157323
0 0.038866 0.686693 0.077731 0.195591
0 0.534552 0.605374 0.011959 0.068032
0 0.491183 0.562612 0.021524 0.018367
