0 0.471182 0.440932 0.012752 0.021537
0 0.480108 0.436398 0.007651 0.017003
0 0.489354 0.434698 0.008289 0.011335
0 0.498599 0.434698 0.010202 0.013602
0 0.530478 0.438098 0.010202 0.020403
0 0.553740 0.427897 0.008268 0.011335
0 0.541851 0.445138 0.018919 0.025414
0 0.515432 0.450608 0.030092 0.049956
0 0.461937 0.459635 0.027417 0.045340
0 0.490310 0.450359 0.017853 0.024521
0 0.434839 0.447166 0.014027 0.018136
0 0.442809 0.439798 0.010839 0.019270
0 0.400728 0.460201 0.046544 0.032872
0 0.370856 0.458812 0.018301 0.023292
0 0.208018 0.477771 0.053882 0.054408
0 0.155892 0.482305 0.054196 0.058942
0 0.091495 0.496473 0.082250 0.062343
0 0.910680 0.500901 0.176016 0.216486
