0 0.414368 0.359823 0.015546 0.017008
0 0.374306 0.358760 0.009567 0.010630
0 0.362348 0.360886 0.014350 0.019134
0 0.349791 0.359823 0.010763 0.017008
0 0.337234 0.359823 0.011959 0.017008
0 0.325874 0.359823 0.013155 0.021260
0 0.313317 0.359823 0.014350 0.025512
0 0.299565 0.357697 0.017938 0.034016
0 0.284018 0.360886 0.017938 0.040394
0 0.446058 0.360886 0.011959 0.019134
0 0.452038 0.369390 0.014350 0.027638
0 0.465192 0.371516 0.014350 0.027638
0 0.475357 0.374705 0.022721 0.038268
0 0.489109 0.382146 0.026309 0.040394
0 0.391048 0.359823 0.016742 0.021260
0 0.255915 0.366201 0.052618 0.055276
0 0.430512 0.375768 0.028701 0.044646
0 0.509439 0.390650 0.035876 0.044646
0 0.606304 0.426791 0.088494 0.116929
0 0.718716 0.441673 0.193730 0.189213
0 0.877527 0.522567 0.241565 0.293386
