0 0.106266 0.523399 0.212533 0.285916
0 0.305353 0.374338 0.017780 0.029290
0 0.288433 0.376007 0.024089 0.042825
0 0.266352 0.377027 0.028104 0.050982
0 0.250866 0.384674 0.022368 0.052002
0 0.234520 0.384674 0.041295 0.076473
0 0.196379 0.385694 0.062517 0.074434
0 0.163191 0.416462 0.108245 0.130288
0 0.451668 0.377266 0.028677 0.046903
0 0.460557 0.392560 0.040722 0.059139
0 0.475422 0.400208 0.033935 0.074434
0 0.532537 0.404286 0.115856 0.166201
0 0.336098 0.375227 0.040722 0.048943
0 0.388659 0.413689 0.066138 0.101396
0 0.638930 0.474633 0.185255 0.182532
