0 0.345082 0.452311 0.009748 0.020796
0 0.326561 0.458376 0.017547 0.029461
0 0.293417 0.465308 0.015597 0.022529
0 0.278308 0.469641 0.014622 0.017330
0 0.257837 0.468774 0.018521 0.029461
0 0.249063 0.471374 0.018521 0.034660
0 0.226643 0.472240 0.026320 0.053723
0 0.207634 0.479172 0.029244 0.060655
0 0.180339 0.486971 0.033143 0.051990
0 0.150120 0.504301 0.038992 0.065854
0 0.089195 0.507767 0.086758 0.124775
0 0.033631 0.530295 0.067262 0.138639
0 0.009748 0.567555 0.015597 0.088383
0 0.360191 0.455777 0.008773 0.024262
0 0.367990 0.457510 0.008773 0.031194
0 0.378225 0.460109 0.011698 0.025995
0 0.389436 0.462709 0.014622 0.038126
0 0.402596 0.470507 0.021446 0.043325
0 0.415268 0.482638 0.023395 0.053723
0 0.452798 0.478306 0.065312 0.103980
0 0.497152 0.502568 0.109178 0.117843
