0 0.818007 0.471162 0.019688 0.032935
0 0.801276 0.484551 0.030995 0.045918
0 0.748599 0.493574 0.027235 0.040117
0 0.720962 0.491516 0.025342 0.047294
0 0.694946 0.487612 0.031856 0.052041
0 0.659216 0.490112 0.041327 0.066225
0 0.577769 0.493269 0.074140 0.110503
0 0.508497 0.490453 0.098854 0.129859
0 0.404930 0.482636 0.178674 0.219640
0 0.282015 0.570265 0.346110 0.327551
0 0.069861 0.634899 0.135321 0.327195
0 0.877902 0.475537 0.029273 0.033673
0 0.944197 0.487782 0.036161 0.048980
0 0.983993 0.500796 0.025446 0.047457
0 0.607350 0.484615 0.076387 0.106509
0 0.759834 0.484807 0.025937 0.031994
0 0.909101 0.469280 0.031230 0.049873
0 0.851406 0.449990 0.020643 0.028230
0 0.832086 0.442932 0.014821 0.021643
