0 0.059540 0.591709 0.033186 0.052057
0 0.088821 0.594312 0.058564 0.060733
0 0.580756 0.579563 0.033186 0.038175
0 0.548546 0.584768 0.046851 0.045116
0 0.483814 0.580701 0.048180 0.033506
0 0.421685 0.590405 0.058617 0.033705
0 0.359678 0.589106 0.067348 0.060733
0 0.992659 0.566549 0.013677 0.026028
0 0.968815 0.571907 0.032361 0.036133
0 0.943850 0.569631 0.025378 0.033744
0 0.910176 0.570887 0.034162 0.041645
0 0.871133 0.577827 0.057588 0.045116
0 0.805249 0.581298 0.058564 0.048586
0 0.735461 0.570019 0.086869 0.095437
0 0.646152 0.586504 0.087845 0.083290
