0 0.221665 0.403593 0.036914 0.042187
0 0.317049 0.393688 0.011048 0.020349
0 0.405616 0.383628 0.025663 0.035244
0 0.447130 0.369886 0.043161 0.081714
0 0.557847 0.381328 0.034277 0.058594
0 0.815639 0.331758 0.059220 0.053204
0 0.846435 0.349080 0.089913 0.069098
0 0.716709 0.391523 0.117334 0.136640
0 0.146519 0.401250 0.031641 0.042187
0 0.095367 0.425920 0.047990 0.049822
0 0.053147 0.437613 0.044495 0.047242
1 0.121343 0.395390 0.042443 0.096094
0 0.290070 0.391144 0.037214 0.027980
0 0.179994 0.406104 0.054339 0.056735
0 0.359198 0.395564 0.070344 0.100435
0 0.493688 0.448070 0.140627 0.234265
0 0.615379 0.407109 0.099497 0.119531
0 0.008652 0.442008 0.017304 0.047242
0 0.906553 0.439922 0.185889 0.250781
