0 0.342138 0.446231 0.004716 0.020127
0 0.326664 0.448219 0.009137 0.024103
0 0.292384 0.437114 0.042756 0.044971
0 0.249690 0.452619 0.033585 0.037094
0 0.220350 0.454916 0.032531 0.039111
0 0.171088 0.462904 0.062274 0.056181
0 0.479774 0.446380 0.009781 0.029743
0 0.489260 0.450923 0.016389 0.040487
0 0.498959 0.454877 0.018056 0.052408
0 0.523603 0.466458 0.059050 0.080920
0 0.013064 0.490053 0.025096 0.089229
0 0.088351 0.481791 0.129196 0.082619
0 0.459068 0.434125 0.012857 0.022119
1 0.431464 0.425716 0.013935 0.033289
