0 0.352034 0.658076 0.022644 0.012942
0 0.373714 0.675912 0.016324 0.021696
0 0.357754 0.712260 0.033143 0.086650
0 0.545892 0.684471 0.050690 0.114498
0 0.151583 0.656578 0.073111 0.080170
0 0.187175 0.698396 0.050714 0.135173
0 0.107229 0.719192 0.113078 0.162901
0 0.071648 0.817106 0.139398 0.362195
0 0.275216 0.726124 0.148812 0.225289
0 0.761812 0.703595 0.225181 0.221823
0 0.903159 0.625610 0.038018 0.038126
0 0.930454 0.629076 0.030219 0.045058
0 0.959211 0.630809 0.035093 0.038126
0 0.984069 0.626477 0.028269 0.036393
