0 0.135737 0.694435 0.091512 0.103156
0 0.045832 0.720709 0.090822 0.113398
0 0.891516 0.670907 0.012933 0.022992
0 0.824264 0.680871 0.062941 0.067443
0 0.324169 0.693994 0.032766 0.038257
0 0.361660 0.683090 0.018395 0.033155
0 0.423220 0.681727 0.026518 0.044850
0 0.512811 0.676582 0.019562 0.030074
0 0.569992 0.679243 0.017321 0.040849
0 0.591606 0.680606 0.045411 0.056063
0 0.560118 0.678886 0.012966 0.043674
0 0.552952 0.678583 0.012966 0.037001
0 0.545787 0.675550 0.009554 0.033362
0 0.539134 0.676460 0.005800 0.024263
0 0.397044 0.687002 0.017244 0.033722
