0 0.227102 0.494828 0.048899 0.055668
0 0.297599 0.489280 0.054098 0.059139
0 0.347405 0.479418 0.050472 0.054393
0 0.387057 0.472027 0.024197 0.031367
0 0.416043 0.466848 0.031759 0.030589
0 0.452117 0.468087 0.026878 0.024909
0 0.482762 0.465680 0.020648 0.024768
0 0.170425 0.496317 0.075708 0.081369
0 0.536266 0.472966 0.012618 0.030589
0 0.573300 0.458691 0.022450 0.038746
0 0.633768 0.476025 0.014912 0.024471
1 0.613983 0.467858 0.031542 0.040806
0 0.656710 0.476025 0.030971 0.028550
0 0.686288 0.476025 0.025891 0.032628
0 0.715212 0.477045 0.033266 0.034668
1 0.761096 0.461750 0.067678 0.061178
0 0.821891 0.464809 0.069973 0.083610
0 0.936027 0.470927 0.048178 0.067296
0 0.084850 0.509535 0.109207 0.092043
0 0.560027 0.467868 0.028677 0.032628
0 0.872364 0.472478 0.083738 0.082634
0 0.520546 0.470984 0.017050 0.023316
0 0.256340 0.485022 0.024701 0.060941
0 0.285075 0.458584 0.014619 0.009858
0 0.586806 0.472022 0.021151 0.016221
