0 0.200092 0.886838 0.026115 0.023406
0 0.248839 0.878634 0.013989 0.015165
0 0.297952 0.888239 0.024878 0.034773
0 0.326271 0.882813 0.021173 0.032451
0 0.008162 0.898189 0.016324 0.073289
2 0.390581 0.872985 0.105338 0.183412
0 0.590437 0.925345 0.056383 0.065896
0 0.649220 0.930568 0.061182 0.076777
0 0.690606 0.938774 0.033592 0.077426
0 0.724197 0.940165 0.050385 0.078910
0 0.776382 0.951737 0.094772 0.094155
0 0.846274 0.956160 0.081001 0.085308
0 0.923557 0.957227 0.078739 0.083175
0 0.227684 0.881970 0.006483 0.008492
0 0.983371 0.965082 0.033259 0.067097
