0 0.279503 0.432240 0.070948 0.069708
0 0.663868 0.385318 0.097456 0.124743
0 0.458058 0.393218 0.033493 0.047957
0 0.417500 0.403919 0.024169 0.032101
0 0.489729 0.392171 0.018789 0.027876
0 0.315756 0.424127 0.037423 0.069302
0 0.343824 0.417197 0.018711 0.055441
0 0.360976 0.414425 0.020271 0.047125
0 0.369506 0.407093 0.031521 0.047929
0 0.400497 0.406109 0.010611 0.024949
0 0.431605 0.397504 0.016982 0.031069
0 0.610073 0.397099 0.031965 0.067916
0 0.595259 0.383932 0.061592 0.088706
0 0.530549 0.393634 0.028847 0.036037
0 0.511447 0.391555 0.010915 0.026335
0 0.386566 0.405948 0.013648 0.039861
