0 0.449568 0.563952 0.019706 0.021774
0 0.384493 0.564988 0.019748 0.023846
0 0.372146 0.566693 0.016736 0.034059
0 0.357671 0.572189 0.024463 0.031428
0 0.135965 0.577691 0.083286 0.063973
0 0.061859 0.622995 0.123717 0.137982
0 0.244722 0.639073 0.240562 0.219919
0 0.420119 0.577016 0.048992 0.056613
0 0.517797 0.575908 0.028303 0.067539
0 0.554846 0.579659 0.061240 0.103586
0 0.622823 0.620565 0.133503 0.187258
0 0.738879 0.691532 0.263930 0.341453
0 0.865970 0.668468 0.267055 0.657581
0 0.507460 0.572405 0.015621 0.052399
0 0.506281 0.561139 0.028590 0.053971
0 0.489922 0.562711 0.006484 0.024627
0 0.488301 0.557209 0.012674 0.031439
