0 0.451256 0.815073 0.008335 0.008450
0 0.394925 0.834614 0.019158 0.015858
0 0.349312 0.843964 0.031180 0.025768
0 0.255238 0.857708 0.022062 0.026888
0 0.227108 0.859292 0.036209 0.034450
0 0.157709 0.875622 0.040232 0.041126
0 0.093338 0.882775 0.048278 0.051854
0 0.034599 0.883669 0.069199 0.071523
0 0.500685 0.813040 0.014081 0.016093
0 0.547293 0.828071 0.021444 0.021792
0 0.599755 0.819298 0.017099 0.028609
0 0.567067 0.827344 0.014081 0.016093
0 0.627918 0.812260 0.031180 0.043143
0 0.650548 0.824662 0.020116 0.053642
0 0.678958 0.822528 0.044751 0.065064
0 0.718800 0.824662 0.052018 0.060795
0 0.777278 0.827344 0.076440 0.084040
0 0.275937 0.853724 0.012782 0.022140
0 0.293963 0.849646 0.019992 0.023306
