0 0.472187 0.509541 0.020255 0.041675
0 0.545609 0.509216 0.016164 0.031761
0 0.564806 0.509242 0.024179 0.038641
0 0.595120 0.512966 0.043866 0.065854
0 0.440613 0.521631 0.042892 0.100514
0 0.397709 0.530390 0.079910 0.128052
0 0.353646 0.558023 0.118106 0.166367
0 0.213984 0.637713 0.304673 0.291146
0 0.623278 0.517794 0.039744 0.090909
0 0.658970 0.517804 0.066287 0.130986
0 0.721845 0.527597 0.119901 0.185627
0 0.867092 0.542426 0.264173 0.422850
0 0.498158 0.514161 0.008642 0.013656
0 0.528645 0.512454 0.008162 0.010242
