0 0.235723 0.637835 0.079102 0.092330
0 0.301318 0.623750 0.047870 0.063750
0 0.331302 0.617710 0.030247 0.052080
0 0.364825 0.614687 0.027726 0.043125
0 0.387075 0.612812 0.014756 0.035625
0 0.401213 0.614523 0.011411 0.022405
0 0.434953 0.610575 0.027422 0.028849
0 0.612141 0.629388 0.046547 0.066224
0 0.546750 0.612373 0.021094 0.048754
0 0.568242 0.614746 0.024000 0.052227
0 0.590810 0.615065 0.046216 0.060507
0 0.531686 0.619989 0.012603 0.016132
0 0.474217 0.617301 0.014619 0.014339
0 0.654689 0.634597 0.075113 0.090516
0 0.410951 0.610042 0.012099 0.024197
0 0.515934 0.620797 0.012539 0.012101
