0 0.507672 0.556817 0.007770 0.012073
0 0.485875 0.571761 0.029348 0.046648
0 0.448901 0.581250 0.054053 0.075000
0 0.408691 0.569337 0.026367 0.027738
0 0.393866 0.569392 0.013830 0.023022
0 0.371142 0.573366 0.027733 0.035795
0 0.143701 0.610546 0.071191 0.100781
0 0.519651 0.547314 0.008418 0.010360
0 0.535913 0.562500 0.011865 0.028125
0 0.545800 0.564843 0.013184 0.032812
0 0.559643 0.569531 0.022412 0.037500
0 0.604467 0.590039 0.054053 0.096094
0 0.626220 0.605273 0.055371 0.107812
0 0.661157 0.627539 0.072510 0.142969
0 0.712573 0.627742 0.101514 0.188266
0 0.849204 0.734765 0.300586 0.522656
