0 0.340868 0.518520 0.021412 0.035347
0 0.317544 0.526677 0.029824 0.043505
0 0.291925 0.534154 0.026001 0.044864
0 0.268219 0.538912 0.032119 0.057100
0 0.216982 0.554424 0.068826 0.069580
0 0.431867 0.511722 0.018346 0.019033
0 0.499167 0.532115 0.042825 0.073414
0 0.572657 0.534588 0.117003 0.154494
0 0.403936 0.519676 0.021893 0.027819
0 0.700891 0.554736 0.234007 0.244713
0 0.894537 0.611813 0.208345 0.475786
0 0.030407 0.604384 0.060814 0.183586
0 0.373867 0.518330 0.035136 0.023052
0 0.459824 0.518330 0.033881 0.042386
