0 0.193803 0.541251 0.045756 0.053187
0 0.282489 0.531165 0.031303 0.054475
0 0.321743 0.526012 0.053831 0.058892
0 0.361190 0.520915 0.046159 0.059444
0 0.430063 0.511133 0.095912 0.082137
1 0.242639 0.525608 0.048396 0.065701
0 0.077653 0.588963 0.153107 0.112630
0 0.982656 0.456779 0.031677 0.035979
0 0.951859 0.462254 0.029917 0.031286
0 0.922821 0.465382 0.036957 0.034415
0 0.896423 0.468945 0.028158 0.038411
0 0.875238 0.472422 0.024503 0.042236
0 0.836588 0.477115 0.051036 0.054751
0 0.793032 0.476413 0.034317 0.045204
0 0.711639 0.495886 0.079193 0.071958
0 0.765315 0.487283 0.026398 0.054751
0 0.162338 0.549582 0.024878 0.038305
