0 0.525652 0.341140 0.010364 0.041602
0 0.537189 0.338821 0.019107 0.054562
0 0.548735 0.345625 0.020362 0.074235
0 0.571786 0.351541 0.058504 0.087365
0 0.639651 0.367543 0.119347 0.163528
0 0.773039 0.295378 0.032762 0.016641
0 0.735011 0.298498 0.026912 0.022881
0 0.475685 0.318627 0.007332 0.011746
0 0.444249 0.336980 0.014041 0.016641
0 0.408562 0.340100 0.017551 0.043683
0 0.389841 0.347381 0.038612 0.045763
0 0.328555 0.355701 0.060557 0.087365
0 0.181568 0.375964 0.176681 0.155007
0 0.799365 0.442027 0.270286 0.268336
0 0.909352 0.490909 0.179021 0.374422
0 0.923978 0.315139 0.149769 0.101926
0 0.082301 0.420185 0.164602 0.216333
0 0.459395 0.327312 0.020472 0.024263
0 0.504775 0.331558 0.014330 0.020624
