0 0.887818 0.367248 0.050027 0.029715
0 0.837026 0.385439 0.077783 0.047559
0 0.773604 0.394923 0.067518 0.043115
0 0.750005 0.391427 0.065547 0.048942
0 0.717231 0.382688 0.011798 0.013983
0 0.674324 0.401992 0.081508 0.060546
0 0.633480 0.405119 0.041950 0.049524
0 0.561489 0.403359 0.009229 0.049219
0 0.548964 0.405703 0.010547 0.035156
0 0.535781 0.403359 0.013184 0.035156
0 0.521938 0.405703 0.014502 0.035156
0 0.473191 0.404960 0.019839 0.019227
0 0.237819 0.417059 0.021676 0.022725
0 0.182614 0.460040 0.110902 0.118567
0 0.064600 0.466150 0.105469 0.104488
0 0.016544 0.475776 0.033089 0.125401
0 0.376432 0.411952 0.019336 0.023888
0 0.399702 0.411952 0.021958 0.030880
0 0.937059 0.399375 0.125568 0.112500
0 0.128830 0.446207 0.052244 0.098806
0 0.477538 0.389812 0.051127 0.033210
0 0.615947 0.405410 0.033101 0.037289
0 0.587434 0.403371 0.023269 0.042533
