0 0.382183 0.511506 0.023448 0.060469
0 0.363798 0.518496 0.028866 0.076190
0 0.343947 0.528814 0.044285 0.091479
0 0.312083 0.541091 0.067819 0.111201
0 0.426416 0.506147 0.009083 0.019647
0 0.470595 0.507835 0.010429 0.016248
0 0.528439 0.506650 0.011902 0.034761
0 0.573486 0.517131 0.031641 0.044531
0 0.606445 0.522371 0.052734 0.071552
0 0.631254 0.531281 0.049619 0.075227
0 0.269925 0.568474 0.070677 0.138720
0 0.411619 0.504408 0.021675 0.029129
0 0.487133 0.507254 0.019775 0.028125
0 0.543945 0.507714 0.027930 0.045956
1 0.413190 0.487255 0.020006 0.023174
0 0.683750 0.546562 0.090967 0.103125
0 0.132421 0.637968 0.264480 0.332812
0 0.907212 0.568828 0.184570 0.203906
0 0.500668 0.507658 0.007368 0.013602
