0 0.146708 0.620950 0.133548 0.167697
0 0.496815 0.588522 0.041003 0.072922
0 0.512050 0.608234 0.031599 0.096970
0 0.296081 0.559538 0.053657 0.074788
0 0.602337 0.596332 0.180254 0.199408
0 0.394345 0.569847 0.008652 0.007356
0 0.413199 0.563225 0.016838 0.026098
0 0.717191 0.693978 0.247472 0.246255
0 0.059182 0.666065 0.118363 0.264686
0 0.273180 0.575901 0.066255 0.082272
0 0.370570 0.564163 0.010307 0.018725
0 0.038297 0.542488 0.075368 0.069717
0 0.335887 0.558813 0.037994 0.056176
0 0.452426 0.575799 0.063574 0.068213
