0 0.445944 0.347639 0.006187 0.007288
0 0.359484 0.344571 0.010218 0.021215
0 0.340137 0.352366 0.015820 0.016875
0 0.322632 0.355207 0.015006 0.016797
0 0.260662 0.362222 0.033347 0.031618
0 0.140801 0.377691 0.087539 0.048724
0 0.575866 0.357110 0.017419 0.023041
0 0.625731 0.352247 0.023203 0.018580
0 0.740552 0.363535 0.020189 0.022577
0 0.773914 0.387094 0.066444 0.044920
0 0.636805 0.371116 0.041133 0.035625
0 0.679051 0.370140 0.049687 0.045076
0 0.827567 0.398275 0.039192 0.037863
0 0.882923 0.388246 0.046262 0.053418
0 0.977192 0.402506 0.043193 0.058960
0 0.469863 0.377812 0.032695 0.046875
0 0.521087 0.386127 0.054701 0.067255
0 0.915546 0.399182 0.078935 0.059416
0 0.409849 0.413245 0.089154 0.150485
0 0.339583 0.353231 0.017785 0.012845
