0 0.464243 0.455031 0.010547 0.023055
0 0.504483 0.468865 0.046452 0.053447
0 0.432752 0.458642 0.055072 0.082909
0 0.384150 0.450608 0.016552 0.012038
0 0.363747 0.452280 0.020492 0.012706
0 0.337021 0.450568 0.017137 0.022300
0 0.318565 0.460547 0.022412 0.030469
0 0.295494 0.452966 0.026367 0.023999
0 0.256491 0.474609 0.062184 0.072656
0 0.203618 0.477914 0.053553 0.084797
0 0.151766 0.468750 0.063334 0.107812
0 0.070466 0.498047 0.140933 0.157031
0 0.586897 0.495923 0.124019 0.170652
0 0.768784 0.507422 0.166113 0.175781
0 0.923032 0.516797 0.147656 0.138281
