0 0.469664 0.504755 0.011137 0.012052
0 0.448929 0.503390 0.018721 0.024961
0 0.433718 0.506727 0.009361 0.014994
0 0.420759 0.505616 0.009200 0.008608
0 0.392135 0.507768 0.015120 0.018077
0 0.504214 0.505398 0.036344 0.028268
0 0.544161 0.489918 0.043550 0.069996
0 0.672413 0.515871 0.124027 0.116487
0 0.863134 0.521071 0.271456 0.334900
0 0.367952 0.506711 0.018236 0.028016
0 0.342453 0.511265 0.016381 0.025854
0 0.320965 0.504364 0.020209 0.030990
0 0.289427 0.507807 0.030990 0.036155
0 0.043294 0.536325 0.086589 0.111633
