0 0.604960 0.430587 0.011258 0.016925
0 0.557782 0.459794 0.018398 0.043299
0 0.536985 0.459016 0.032474 0.053103
0 0.521344 0.464957 0.028961 0.045344
0 0.503720 0.468214 0.035533 0.055325
0 0.476899 0.461932 0.035242 0.072316
0 0.453479 0.465979 0.051031 0.088660
0 0.431914 0.476708 0.045013 0.096070
0 0.368814 0.474634 0.125258 0.149702
0 0.215622 0.530800 0.245677 0.227060
0 0.626289 0.469072 0.023196 0.065979
0 0.639626 0.479362 0.028995 0.082514
0 0.703415 0.485567 0.115979 0.189691
0 0.812054 0.537113 0.187299 0.276289
0 0.926096 0.572165 0.143814 0.486598
0 0.576194 0.432343 0.051580 0.023579
