0 0.570635 0.452188 0.147179 0.268579
0 0.471327 0.388068 0.014587 0.033559
0 0.500930 0.419339 0.060064 0.099153
0 0.330264 0.409849 0.033464 0.037461
0 0.116391 0.413237 0.067693 0.050339
0 0.167287 0.413310 0.039060 0.044091
0 0.390268 0.401311 0.015155 0.014282
0 0.408906 0.397613 0.014806 0.013935
0 0.424051 0.395834 0.010645 0.011925
0 0.334554 0.384102 0.012871 0.015254
0 0.287361 0.423310 0.052341 0.061922
0 0.755256 0.467742 0.185682 0.201262
0 0.881881 0.510206 0.234248 0.469830
1 0.019423 0.404076 0.038846 0.111489
