0 0.609742 0.516432 0.022421 0.041592
0 0.635292 0.527720 0.035659 0.074785
0 0.714071 0.557210 0.098504 0.140267
0 0.755355 0.595283 0.123067 0.168100
0 0.531275 0.500393 0.013656 0.018213
0 0.499589 0.510366 0.030219 0.039859
0 0.437080 0.493903 0.012429 0.024262
0 0.418193 0.517914 0.037043 0.072285
0 0.384562 0.522497 0.069211 0.081451
0 0.459072 0.522782 0.060312 0.096448
0 0.563439 0.524230 0.031194 0.032927
1 0.172656 0.652126 0.345312 0.439138
0 0.884480 0.650595 0.228764 0.438734
0 0.662500 0.538694 0.050754 0.086978
0 0.586141 0.506179 0.021490 0.033328
