0 0.465025 0.408515 0.012897 0.008917
0 0.503442 0.402335 0.013103 0.016939
0 0.540058 0.401113 0.010316 0.014148
0 0.593009 0.406476 0.015013 0.021970
0 0.527362 0.386541 0.005016 0.004458
0 0.529025 0.415982 0.031823 0.044371
0 0.575096 0.407623 0.016037 0.019411
0 0.612331 0.411869 0.024138 0.032755
0 0.670875 0.420419 0.030575 0.042153
0 0.690498 0.421713 0.024895 0.047699
0 0.724120 0.422131 0.050542 0.069050
0 0.766550 0.420049 0.070509 0.079869
0 0.835083 0.433361 0.103579 0.090961
0 0.921088 0.444453 0.129162 0.119803
0 0.952806 0.461019 0.093596 0.108710
