0 0.404359 0.461869 0.008426 0.010180
0 0.393064 0.460041 0.010475 0.015375
0 0.381667 0.464600 0.012319 0.021900
0 0.328432 0.494322 0.053675 0.084473
0 0.304296 0.504490 0.067937 0.089166
0 0.423095 0.466072 0.015981 0.021716
0 0.436104 0.471140 0.012082 0.050623
0 0.472255 0.488065 0.068545 0.093859
0 0.490338 0.465382 0.021998 0.032851
0 0.515415 0.484850 0.009085 0.049886
0 0.525975 0.488847 0.021118 0.045365
0 0.566452 0.498233 0.066874 0.095423
0 0.586043 0.508389 0.032143 0.106734
0 0.681282 0.509183 0.164546 0.186153
0 0.864975 0.599392 0.267497 0.223696
