0 0.401871 0.385844 0.027621 0.024841
0 0.370773 0.375850 0.022097 0.033506
0 0.349140 0.377872 0.021170 0.025996
0 0.335172 0.383360 0.010110 0.030040
0 0.320080 0.381338 0.025346 0.039861
0 0.300583 0.385093 0.026646 0.040439
0 0.288722 0.391910 0.020472 0.042518
0 0.249034 0.401278 0.029788 0.059407
0 0.459128 0.387531 0.056217 0.038152
0 0.495421 0.397990 0.031076 0.050983
0 0.522460 0.407161 0.047187 0.067013
0 0.198426 0.401923 0.075937 0.085653
0 0.569676 0.421312 0.073828 0.091875
0 0.266300 0.396993 0.041269 0.054304
