0 0.392015 0.459901 0.018080 0.042857
0 0.492778 0.462489 0.013064 0.020128
0 0.057959 0.594052 0.114509 0.204294
0 0.914780 0.574558 0.166167 0.315306
0 0.245650 0.508881 0.068017 0.070408
0 0.337344 0.482861 0.049936 0.082653
0 0.408421 0.474097 0.040228 0.075691
0 0.474268 0.492810 0.055049 0.081122
0 0.525466 0.466024 0.024968 0.030612
0 0.574671 0.485922 0.047093 0.055102
0 0.680320 0.496636 0.101120 0.122449
0 0.629303 0.483707 0.031020 0.059531
0 0.436739 0.458365 0.012174 0.012233
0 0.454674 0.443134 0.037015 0.021677
