0 0.068555 0.562500 0.137109 0.367500
0 0.130262 0.414516 0.087522 0.094495
0 0.204954 0.404888 0.058373 0.070224
1 0.236517 0.375040 0.064777 0.095081
0 0.277910 0.373125 0.022148 0.067500
0 0.314754 0.376086 0.059977 0.119672
0 0.396684 0.392102 0.114149 0.204204
0 0.430160 0.357722 0.050320 0.124194
0 0.465691 0.355527 0.017837 0.029803
0 0.487296 0.360765 0.025373 0.028470
0 0.505722 0.375272 0.013711 0.070544
0 0.541859 0.382290 0.067000 0.095419
0 0.643886 0.418037 0.186680 0.212324
0 0.782961 0.364077 0.149448 0.195615
0 0.968158 0.404594 0.061028 0.276649
1 0.596483 0.306414 0.074897 0.076817
