0 0.580886 0.423434 0.013624 0.014009
0 0.592115 0.420116 0.009539 0.014746
0 0.450658 0.428272 0.013542 0.013375
0 0.425924 0.431633 0.009442 0.015306
0 0.408788 0.434300 0.012054 0.013033
0 0.462019 0.423611 0.018207 0.022779
0 0.283602 0.445832 0.058892 0.050173
0 0.241536 0.455058 0.051964 0.051029
0 0.479624 0.426265 0.010533 0.009363
0 0.507611 0.427374 0.012790 0.011579
0 0.524915 0.421584 0.011285 0.010700
0 0.541467 0.422871 0.009781 0.016151
0 0.778747 0.436225 0.128284 0.104082
0 0.928039 0.463776 0.138616 0.226531
0 0.161310 0.462377 0.070326 0.058638
0 0.362468 0.488266 0.141199 0.163776
0 0.098963 0.548358 0.196204 0.480612
0 0.633174 0.423802 0.022810 0.032441
0 0.639187 0.432281 0.018248 0.025806
0 0.608082 0.424171 0.025713 0.024331
