0 0.519168 0.534000 0.034145 0.046133
0 0.424684 0.529273 0.028661 0.041018
0 0.462488 0.504863 0.019121 0.026709
0 0.472742 0.494117 0.015004 0.033632
0 0.066277 0.597129 0.128653 0.055845
0 0.128813 0.560408 0.092025 0.051590
0 0.201359 0.565627 0.085209 0.055720
0 0.273327 0.555852 0.050534 0.050989
0 0.335515 0.543831 0.065646 0.045894
0 0.648491 0.524676 0.040328 0.032078
0 0.623179 0.518280 0.034322 0.025299
0 0.600125 0.519872 0.024004 0.028483
0 0.571696 0.515643 0.034322 0.028024
0 0.546383 0.514332 0.018019 0.020455
0 0.655785 0.507363 0.024025 0.012738
0 0.395128 0.505898 0.016122 0.022292
