0 0.443198 0.496376 0.010537 0.014563
0 0.425306 0.500947 0.012633 0.021211
0 0.371092 0.507039 0.015013 0.028990
0 0.350278 0.507102 0.023884 0.033969
0 0.306611 0.515296 0.035265 0.037431
0 0.261455 0.515420 0.051284 0.048660
0 0.205284 0.512925 0.061059 0.076109
0 0.147734 0.525402 0.065270 0.066128
0 0.534791 0.498577 0.015440 0.022458
0 0.405093 0.501363 0.026950 0.038678
0 0.501499 0.494085 0.009595 0.012477
0 0.559284 0.494085 0.031582 0.042421
0 0.467065 0.498868 0.020353 0.018715
0 0.057550 0.513192 0.115099 0.103024
0 0.983959 0.553974 0.030880 0.074861
0 0.485417 0.494612 0.009028 0.013375
0 0.522470 0.490934 0.019185 0.022069
