0 0.455110 0.461792 0.035273 0.071998
0 0.478570 0.471201 0.010912 0.025220
0 0.530455 0.475969 0.015141 0.025064
0 0.550397 0.457958 0.015141 0.021462
0 0.584927 0.452276 0.027328 0.023635
0 0.554251 0.483413 0.028114 0.039953
0 0.699669 0.490335 0.049832 0.059392
0 0.742864 0.488829 0.066018 0.070724
0 0.859302 0.553827 0.279121 0.231947
0 0.399935 0.474875 0.007318 0.020128
0 0.387699 0.481368 0.018725 0.031564
0 0.347133 0.483629 0.030422 0.064484
0 0.331403 0.484669 0.027043 0.062404
0 0.267568 0.509631 0.131048 0.137288
0 0.169867 0.499230 0.099456 0.124807
0 0.081716 0.507550 0.163432 0.187211
0 0.432548 0.487789 0.070204 0.114407
0 0.505678 0.478429 0.040952 0.066564
0 0.585242 0.492117 0.052653 0.059988
0 0.978971 0.472188 0.039782 0.066564
