0 0.321448 0.500472 0.039095 0.030543
0 0.275441 0.499874 0.028692 0.056675
0 0.255770 0.505794 0.026331 0.057180
0 0.239457 0.509524 0.034510 0.055511
0 0.210788 0.515186 0.039404 0.069123
0 0.177575 0.524661 0.041177 0.078922
0 0.140917 0.531643 0.065655 0.092885
0 0.065353 0.549243 0.109666 0.137277
0 0.014575 0.586698 0.029151 0.100727
0 0.441514 0.489840 0.023777 0.056901
0 0.456517 0.493073 0.029967 0.068010
1 0.513263 0.483438 0.093726 0.139421
0 0.560455 0.503424 0.098847 0.169727
0 0.717864 0.533910 0.282454 0.318514
0 0.367988 0.488003 0.041117 0.074811
0 0.423682 0.489840 0.020119 0.043895
0 0.403106 0.494311 0.029264 0.038205
