0 0.087819 0.487467 0.175638 0.321347
0 0.712022 0.535640 0.339222 0.344388
0 0.541724 0.482069 0.125353 0.176020
0 0.482574 0.429263 0.107621 0.143878
0 0.433068 0.427732 0.053380 0.067347
0 0.394772 0.404246 0.033544 0.041803
0 0.374781 0.399759 0.017735 0.037216
0 0.364096 0.388875 0.013588 0.026683
0 0.353594 0.390800 0.005695 0.008790
0 0.179512 0.439287 0.078348 0.120767
0 0.224713 0.418548 0.061990 0.107143
0 0.263375 0.413312 0.021645 0.060108
0 0.321636 0.391250 0.017774 0.021934
0 0.341850 0.392566 0.019021 0.025639
0 0.372352 0.395897 0.022356 0.037918
0 0.287904 0.393439 0.043053 0.062495
