0 0.282512 0.305866 0.032045 0.039844
0 0.255507 0.314767 0.032512 0.044227
0 0.236680 0.323707 0.032666 0.060224
0 0.373277 0.280547 0.015820 0.025781
0 0.189366 0.331875 0.069873 0.090938
0 0.387817 0.279162 0.013686 0.014488
0 0.434776 0.260636 0.010887 0.018727
0 0.466534 0.262006 0.030939 0.034737
1 0.354915 0.278649 0.024697 0.044430
0 0.567694 0.284272 0.064519 0.079269
0 0.075328 0.369609 0.150293 0.133594
0 0.521776 0.280397 0.049353 0.064145
0 0.501662 0.265651 0.029861 0.050874
0 0.447539 0.212933 0.023640 0.064883
0 0.400246 0.272587 0.010723 0.010458
0 0.417957 0.211033 0.012998 0.054881
0 0.423643 0.243384 0.008774 0.012132
