0 0.488192 0.548849 0.121206 0.179902
0 0.357007 0.457478 0.008815 0.013287
0 0.369051 0.456900 0.005524 0.010976
0 0.362241 0.473670 0.017446 0.021221
0 0.369291 0.487374 0.018691 0.019931
0 0.417753 0.503525 0.024453 0.035578
0 0.341910 0.488362 0.026369 0.037545
0 0.391622 0.499328 0.030297 0.044995
0 0.322757 0.532164 0.076213 0.097944
0 0.121971 0.477410 0.078049 0.073595
1 0.378312 0.458922 0.016248 0.034662
0 0.342892 0.457189 0.017548 0.024263
0 0.268469 0.464853 0.016980 0.018257
0 0.265113 0.451862 0.015799 0.010533
0 0.293157 0.448702 0.010270 0.009831
