0 0.372902 0.499720 0.005491 0.009681
0 0.356475 0.495895 0.014948 0.034662
0 0.344939 0.496762 0.017223 0.038706
0 0.316852 0.505813 0.028292 0.037859
0 0.551385 0.491753 0.022231 0.037113
0 0.597294 0.497938 0.092784 0.078351
0 0.284125 0.509707 0.043704 0.061823
0 0.089470 0.562268 0.083518 0.063918
0 0.788382 0.493492 0.088701 0.059794
0 0.933796 0.508591 0.076222 0.070103
0 0.916570 0.488214 0.087859 0.054625
0 0.852956 0.488774 0.062414 0.055212
0 0.469412 0.641650 0.238918 0.350516
0 0.328399 0.500170 0.024697 0.046216
