0 0.112492 0.448224 0.085499 0.101841
0 0.875022 0.465392 0.247680 0.298426
0 0.263139 0.416967 0.036339 0.048039
0 0.368362 0.404885 0.019749 0.021066
0 0.338936 0.406992 0.018564 0.019661
0 0.473033 0.422936 0.025279 0.036101
0 0.167527 0.429251 0.052653 0.079348
0 0.204384 0.427466 0.030422 0.068644
0 0.667732 0.440986 0.138068 0.141448
0 0.592634 0.445402 0.060038 0.097605
0 0.531690 0.428789 0.068493 0.082637
0 0.458194 0.418424 0.011509 0.028483
0 0.294105 0.417525 0.015799 0.029492
0 0.307351 0.407704 0.016381 0.029122
0 0.316126 0.407704 0.012871 0.024961
0 0.441829 0.412258 0.033179 0.038621
0 0.283638 0.415418 0.011455 0.030897
0 0.405886 0.402779 0.023699 0.015448
0 0.386729 0.399970 0.011455 0.016853
