0 0.360879 0.444338 0.028162 0.041126
0 0.397591 0.426457 0.033191 0.044702
0 0.272369 0.455066 0.052301 0.059007
0 0.205484 0.464901 0.061353 0.064371
0 0.106413 0.477417 0.066382 0.100132
0 0.160223 0.469371 0.051296 0.091192
0 0.038522 0.481887 0.075435 0.119801
0 0.445869 0.443444 0.091527 0.150199
0 0.505211 0.442550 0.015087 0.037550
0 0.526332 0.441656 0.027156 0.053642
0 0.547454 0.452384 0.015087 0.046490
0 0.562038 0.447914 0.018104 0.055430
0 0.589697 0.446126 0.045261 0.084040
0 0.624397 0.452384 0.064371 0.082252
0 0.680722 0.455960 0.086498 0.103709
0 0.852197 0.448103 0.252858 0.221918
