0 0.420506 0.567983 0.014114 0.023695
0 0.411444 0.567849 0.009820 0.033758
0 0.391413 0.568900 0.017505 0.044716
0 0.383054 0.575692 0.011806 0.037637
0 0.370723 0.575116 0.018365 0.045341
0 0.343295 0.573847 0.039020 0.066417
0 0.308171 0.591484 0.043849 0.061252
0 0.245080 0.593034 0.092984 0.097412
0 0.474798 0.574618 0.039195 0.059398
0 0.516364 0.564844 0.009898 0.026567
0 0.523453 0.568902 0.014114 0.036161
0 0.545869 0.568165 0.045662 0.076011
0 0.548774 0.578127 0.024076 0.063466
0 0.579077 0.587721 0.067248 0.082653
0 0.494603 0.558202 0.011208 0.010332
0 0.504565 0.561154 0.010378 0.014759
0 0.403486 0.566836 0.013283 0.042064
0 0.430053 0.566467 0.009132 0.020663
