0 0.554447 0.117234 0.007172 0.012112
0 0.546403 0.121696 0.010352 0.021037
0 0.535504 0.123767 0.020674 0.045578
0 0.518409 0.136996 0.029046 0.043987
0 0.583530 0.123982 0.010832 0.017958
0 0.594584 0.124235 0.019313 0.033765
0 0.609415 0.138233 0.021056 0.031731
0 0.638653 0.157432 0.036707 0.065257
0 0.171190 0.103692 0.184602 0.122071
0 0.036576 0.101130 0.073152 0.090828
0 0.960450 0.223655 0.079101 0.078935
0 0.684644 0.164856 0.077238 0.114199
0 0.489901 0.152933 0.050919 0.068211
0 0.566101 0.115640 0.008247 0.012750
