0 0.432160 0.588554 0.015545 0.016130
0 0.446159 0.578275 0.019095 0.050182
0 0.457782 0.583072 0.018265 0.047968
0 0.535159 0.594067 0.072229 0.134311
0 0.495557 0.599676 0.029058 0.084129
0 0.473440 0.587868 0.032975 0.069369
0 0.603652 0.629121 0.108759 0.143905
0 0.332876 0.571412 0.036945 0.058300
0 0.299252 0.586540 0.033624 0.070845
0 0.281610 0.595396 0.032379 0.087081
0 0.249647 0.597979 0.061436 0.127669
0 0.158806 0.637568 0.185384 0.164089
0 0.794238 0.680148 0.359190 0.292979
0 0.357869 0.582706 0.018508 0.036611
