0 0.441233 0.557115 0.009757 0.010986
0 0.424471 0.563765 0.024417 0.023129
0 0.414617 0.576775 0.014202 0.041054
0 0.394803 0.582281 0.046674 0.067099
0 0.375675 0.593947 0.048502 0.063833
0 0.465431 0.558734 0.005204 0.007517
0 0.473888 0.560469 0.013660 0.021394
0 0.482019 0.568275 0.017563 0.025442
0 0.501209 0.578105 0.026020 0.043945
0 0.512039 0.587530 0.022312 0.041285
0 0.538157 0.588281 0.045535 0.069386
0 0.562833 0.559682 0.031138 0.015657
0 0.552842 0.604761 0.037828 0.082685
0 0.111366 0.665346 0.222732 0.329740
0 0.456324 0.557578 0.004553 0.005204
0 0.461203 0.559891 0.006505 0.008673
0 0.325444 0.611757 0.091070 0.105236
0 0.601580 0.611699 0.096924 0.128943
