0 0.434486 0.561632 0.008846 0.016165
0 0.423650 0.554676 0.009959 0.021932
0 0.409967 0.553973 0.016769 0.023338
0 0.390944 0.556363 0.022395 0.025308
0 0.368806 0.555731 0.025679 0.025167
0 0.340650 0.552850 0.032623 0.039085
0 0.527221 0.561140 0.006341 0.016868
0 0.537112 0.550949 0.018186 0.035844
0 0.537705 0.555652 0.013046 0.030654
0 0.547786 0.554115 0.017395 0.036555
0 0.568671 0.546232 0.043671 0.065823
0 0.290022 0.555061 0.057719 0.058688
0 0.609388 0.554026 0.062658 0.084388
0 0.731439 0.584006 0.152964 0.179702
0 0.017260 0.551086 0.034519 0.119921
0 0.886287 0.631198 0.227426 0.371737
0 0.446653 0.563459 0.010605 0.013916
