0 0.383159 0.514871 0.020246 0.018164
0 0.300716 0.526377 0.139493 0.059478
0 0.197607 0.531932 0.054899 0.054667
0 0.143260 0.546453 0.067829 0.056118
0 0.075011 0.549816 0.064665 0.059779
0 0.471597 0.517178 0.016351 0.024090
0 0.486124 0.517930 0.012704 0.015056
0 0.530852 0.519812 0.013233 0.013174
0 0.548584 0.521224 0.010586 0.008469
0 0.667021 0.523420 0.019949 0.024566
0 0.703262 0.523737 0.036989 0.026825
0 0.741009 0.533492 0.024691 0.013819
0 0.763871 0.527232 0.021033 0.029264
0 0.858974 0.532110 0.045219 0.027638
0 0.969639 0.535361 0.060722 0.047147
0 0.508152 0.541349 0.038203 0.046836
0 0.436951 0.549897 0.069340 0.104585
0 0.599790 0.559988 0.113441 0.152327
0 0.402810 0.515484 0.014821 0.016938
0 0.787648 0.528045 0.033836 0.034141
