0 0.429509 0.513110 0.018964 0.032190
0 0.413151 0.514576 0.019735 0.036610
0 0.392558 0.514576 0.023167 0.036610
0 0.368104 0.519152 0.030890 0.042712
0 0.342791 0.519152 0.038612 0.048814
0 0.308898 0.522203 0.039470 0.048814
0 0.263422 0.519915 0.063496 0.071695
0 0.143017 0.527797 0.125275 0.100678
0 0.470252 0.507204 0.029911 0.046677
0 0.555502 0.510413 0.022309 0.014444
0 0.512248 0.533293 0.051660 0.076556
0 0.577468 0.516813 0.018877 0.048814
0 0.590768 0.518339 0.028316 0.064068
0 0.725437 0.559683 0.067589 0.076793
0 0.790739 0.572494 0.102654 0.114412
0 0.637012 0.547073 0.118408 0.148993
0 0.890344 0.599627 0.174816 0.159525
