0 0.730053 0.527929 0.056689 0.063281
0 0.502954 0.506836 0.023730 0.058594
0 0.509546 0.516211 0.007910 0.044531
0 0.520092 0.518554 0.015820 0.049219
0 0.528003 0.522070 0.023730 0.046875
0 0.566576 0.529378 0.065235 0.098991
0 0.423197 0.510217 0.011215 0.023169
0 0.438958 0.515039 0.027136 0.037500
0 0.250582 0.586875 0.219036 0.279375
0 0.372304 0.542109 0.058008 0.110156
0 0.071851 0.573750 0.143701 0.164062
0 0.641733 0.560529 0.123171 0.158986
0 0.469072 0.477812 0.005273 0.013437
0 0.486015 0.477805 0.005664 0.018110
