0 0.297011 0.363232 0.020669 0.022845
0 0.322599 0.375174 0.028621 0.025960
0 0.193682 0.369727 0.034801 0.031680
0 0.226806 0.371020 0.028621 0.028037
0 0.069588 0.369367 0.099742 0.074227
0 0.390063 0.371921 0.057244 0.044376
0 0.435698 0.368840 0.021646 0.024922
0 0.456141 0.368694 0.019241 0.022553
0 0.484598 0.367376 0.014309 0.015764
0 0.538482 0.367428 0.035630 0.013207
0 0.509569 0.379224 0.025700 0.043613
0 0.578737 0.372754 0.016237 0.022680
0 0.674940 0.378932 0.020001 0.025585
0 0.848656 0.374808 0.025149 0.025643
0 0.779131 0.475172 0.210860 0.199373
0 0.346547 0.372059 0.018107 0.019730
