0 0.431314 0.568693 0.016649 0.020252
0 0.459663 0.568374 0.014540 0.020890
0 0.488707 0.573524 0.018840 0.020989
0 0.305426 0.580451 0.019401 0.024060
0 0.326601 0.572592 0.021515 0.031874
0 0.342558 0.573548 0.013268 0.019762
0 0.355646 0.574185 0.012192 0.017212
0 0.364432 0.570197 0.013985 0.020710
0 0.377570 0.569102 0.013009 0.015969
0 0.388816 0.565898 0.009682 0.015937
0 0.192091 0.578966 0.048848 0.023969
0 0.271194 0.572860 0.049136 0.025782
0 0.243959 0.563697 0.016111 0.016380
0 0.160356 0.582285 0.016572 0.017330
0 0.033642 0.580205 0.067284 0.037714
