0 0.286402 0.392081 0.031121 0.046376
0 0.255739 0.390196 0.038443 0.055626
0 0.221408 0.397815 0.047611 0.052963
0 0.174477 0.400564 0.054518 0.061715
0 0.114179 0.400948 0.080376 0.072512
0 0.036905 0.408412 0.073809 0.083175
0 0.857742 0.465004 0.236151 0.204589
0 0.455339 0.363177 0.028516 0.037997
0 0.414707 0.377179 0.021558 0.021945
0 0.373280 0.373222 0.039545 0.038389
0 0.420539 0.356288 0.021296 0.031951
0 0.520134 0.356953 0.021345 0.024007
0 0.585591 0.391635 0.029896 0.039952
0 0.552121 0.352384 0.017849 0.021477
0 0.622964 0.403390 0.042105 0.056953
0 0.676510 0.419095 0.081463 0.127417
0 0.728743 0.432938 0.110873 0.132227
0 0.530746 0.429375 0.091074 0.135937
0 0.489422 0.353265 0.019205 0.019274
