1 0.396986 0.335259 0.032530 0.035707
0 0.390682 0.349397 0.015636 0.032517
1 0.385224 0.354624 0.015931 0.046188
0 0.371274 0.361330 0.037931 0.061626
0 0.431467 0.347576 0.009056 0.008316
0 0.442722 0.341320 0.015636 0.027272
0 0.473993 0.342894 0.016816 0.027272
0 0.701198 0.375326 0.079549 0.070253
0 0.607190 0.370533 0.076113 0.074998
0 0.563173 0.349318 0.036703 0.048302
0 0.496064 0.346437 0.009626 0.017575
0 0.511164 0.346827 0.009735 0.021503
0 0.519525 0.348138 0.012296 0.022027
0 0.354219 0.397910 0.058707 0.079194
0 0.504379 0.347614 0.010325 0.023076
0 0.462193 0.343680 0.008555 0.020454
0 0.397910 0.352282 0.007080 0.024650
