0 0.386330 0.421225 0.015211 0.022881
0 0.360369 0.427049 0.024132 0.021927
0 0.334515 0.431984 0.023907 0.023597
0 0.297458 0.418393 0.022720 0.020773
0 0.275920 0.431542 0.030743 0.035530
0 0.298575 0.446187 0.038612 0.035362
0 0.214586 0.437782 0.048485 0.048010
0 0.228102 0.449553 0.035734 0.041546
0 0.175133 0.417065 0.028082 0.022881
0 0.116097 0.419309 0.024466 0.031530
0 0.062967 0.409863 0.044141 0.037285
0 0.017202 0.398551 0.034405 0.046973
0 0.144111 0.429154 0.046739 0.052786
0 0.633629 0.474207 0.036352 0.094632
0 0.663166 0.471322 0.029212 0.084245
0 0.681447 0.472884 0.036791 0.094294
0 0.708531 0.477743 0.048836 0.117859
0 0.752228 0.489787 0.081403 0.128099
0 0.824843 0.508997 0.138271 0.144283
0 0.893635 0.680201 0.212731 0.420185
0 0.501371 0.550727 0.275713 0.461175
