0 0.380024 0.519152 0.015562 0.023898
0 0.364690 0.523232 0.016065 0.019235
0 0.335599 0.523871 0.021969 0.028901
0 0.318683 0.528558 0.016257 0.030463
0 0.305282 0.526605 0.027241 0.053115
0 0.272629 0.524226 0.055800 0.072643
0 0.239457 0.544925 0.041301 0.073424
0 0.413542 0.524398 0.012131 0.013406
0 0.425837 0.520610 0.012459 0.019818
0 0.441112 0.529565 0.020000 0.029144
0 0.456358 0.531313 0.017705 0.043132
0 0.470506 0.535375 0.021529 0.058583
0 0.486103 0.541624 0.029877 0.077329
0 0.521472 0.551655 0.068981 0.113014
0 0.179483 0.543208 0.095343 0.101232
0 0.905273 0.573752 0.189454 0.149244
0 0.959594 0.812690 0.080813 0.289330
