0 0.858891 0.674807 0.282219 0.443602
0 0.033632 0.618461 0.062826 0.067986
0 0.101591 0.620824 0.105869 0.063261
0 0.204579 0.612051 0.057810 0.037102
0 0.266930 0.604611 0.037739 0.032557
0 0.326865 0.600930 0.039063 0.025351
0 0.362234 0.594979 0.028421 0.032396
0 0.391135 0.596435 0.028096 0.028418
0 0.480926 0.597129 0.050534 0.080126
0 0.574241 0.599019 0.059097 0.074921
0 0.528464 0.591699 0.032455 0.043058
0 0.617111 0.592560 0.035362 0.048225
0 0.416082 0.601602 0.035362 0.050809
0 0.452655 0.591268 0.013563 0.014640
0 0.438587 0.594701 0.012292 0.026709
