0 0.385886 0.598748 0.021260 0.023488
0 0.367551 0.604490 0.021967 0.020983
0 0.353028 0.610599 0.028719 0.029704
0 0.335466 0.620701 0.025337 0.039416
0 0.301650 0.623433 0.056721 0.042550
0 0.288935 0.628642 0.051987 0.045972
1 0.137144 0.626640 0.274287 0.157801
0 0.063850 0.725421 0.126298 0.106876
0 0.484092 0.584354 0.008197 0.010492
0 0.502453 0.591349 0.015410 0.025646
0 0.519338 0.591640 0.020983 0.036721
0 0.550649 0.595429 0.044917 0.050127
0 0.621857 0.573563 0.064158 0.050485
0 0.807935 0.645918 0.200643 0.155793
0 0.451728 0.586150 0.007352 0.009419
