0 0.035668 0.573241 0.071335 0.090842
0 0.109793 0.543761 0.088870 0.089977
0 0.176630 0.520045 0.083061 0.095545
0 0.237603 0.519346 0.041278 0.058924
0 0.271486 0.520053 0.032068 0.040501
0 0.291339 0.508266 0.029162 0.047069
0 0.312296 0.510945 0.023911 0.034007
0 0.328180 0.505225 0.019134 0.036142
0 0.341523 0.508337 0.014728 0.030465
0 0.348697 0.503240 0.019509 0.031608
0 0.372557 0.505623 0.019395 0.022590
0 0.389696 0.507081 0.013013 0.015587
0 0.419480 0.499996 0.022788 0.031173
0 0.459695 0.540734 0.072132 0.104147
0 0.988041 0.543750 0.023917 0.102047
