0 0.505626 0.552651 0.011236 0.023305
0 0.488799 0.565376 0.014499 0.026557
0 0.530979 0.563814 0.025044 0.046866
0 0.764296 0.615451 0.082876 0.094129
0 0.869788 0.628822 0.166755 0.153952
0 0.244277 0.589489 0.104836 0.132736
0 0.469463 0.563239 0.025053 0.051140
0 0.438272 0.559908 0.014499 0.024995
0 0.544819 0.590762 0.049209 0.074205
0 0.334743 0.586776 0.058990 0.064920
1 0.572499 0.549754 0.037786 0.067175
1 0.492973 0.546427 0.018454 0.044148
0 0.130412 0.614458 0.206515 0.182674
0 0.940799 0.654433 0.118403 0.151080
2 0.525487 0.550145 0.031635 0.058583
