0 0.256547 0.539447 0.017546 0.017975
0 0.236027 0.538389 0.012787 0.020090
0 0.609497 0.551517 0.037572 0.044351
0 0.655621 0.553025 0.040690 0.048225
0 0.703577 0.559053 0.046503 0.053392
0 0.781657 0.558413 0.034971 0.058142
0 0.830536 0.554557 0.056539 0.065854
0 0.120000 0.535441 0.036567 0.026881
0 0.169826 0.536593 0.042296 0.028129
0 0.411875 0.544758 0.011895 0.012160
0 0.361185 0.542186 0.013085 0.012688
0 0.090725 0.542664 0.039967 0.033750
0 0.022155 0.546702 0.044310 0.040472
0 0.891462 0.548492 0.077010 0.074519
