0 0.422837 0.417758 0.010096 0.021829
0 0.411068 0.422581 0.014754 0.022149
0 0.394511 0.423747 0.019672 0.027978
0 0.351523 0.430060 0.027962 0.048411
0 0.327715 0.437204 0.032390 0.051185
0 0.300153 0.446154 0.039449 0.055478
0 0.272449 0.452193 0.044221 0.076897
0 0.221839 0.454160 0.065365 0.119641
0 0.141171 0.462796 0.143957 0.162085
0 0.035196 0.496919 0.070392 0.183412
0 0.441068 0.421416 0.019672 0.017486
0 0.463690 0.420833 0.007213 0.011657
0 0.478678 0.423971 0.013582 0.017934
0 0.522189 0.438529 0.038752 0.059420
0 0.549316 0.448002 0.042628 0.081811
0 0.594608 0.449294 0.086709 0.117119
0 0.641153 0.484059 0.105031 0.128090
0 0.737394 0.520379 0.184745 0.221801
0 0.890935 0.586611 0.218130 0.360937
