0 0.034139 0.456934 0.066694 0.108166
0 0.095038 0.457627 0.062123 0.083205
0 0.134326 0.459264 0.035393 0.063291
0 0.154814 0.454229 0.029566 0.051446
0 0.177864 0.448727 0.026524 0.059403
0 0.200604 0.442459 0.028622 0.045304
0 0.248847 0.431626 0.039782 0.047843
0 0.456161 0.452533 0.020639 0.073016
0 0.473943 0.457470 0.020176 0.053769
0 0.488899 0.455844 0.029877 0.061707
0 0.513283 0.456587 0.049143 0.076965
0 0.535514 0.469068 0.042123 0.076965
0 0.577637 0.468028 0.058504 0.104006
0 0.653691 0.477389 0.140408 0.156009
0 0.385745 0.495070 0.145089 0.249615
