0 0.959392 0.657855 0.081217 0.221992
0 0.781710 0.626784 0.108719 0.116670
0 0.426621 0.666917 0.138941 0.200411
0 0.694537 0.592345 0.077487 0.074500
0 0.656584 0.577586 0.034790 0.054821
0 0.631678 0.589886 0.021348 0.035844
0 0.613584 0.583871 0.023537 0.037873
0 0.588364 0.575749 0.031185 0.045845
0 0.560962 0.571399 0.020655 0.022732
0 0.539233 0.564678 0.014934 0.022114
0 0.528281 0.564650 0.011031 0.018561
0 0.515225 0.564404 0.011803 0.015738
0 0.465817 0.632571 0.082749 0.161462
0 0.483036 0.593694 0.044669 0.072013
0 0.484183 0.565654 0.037338 0.055615
