0 0.394890 0.492383 0.012049 0.024097
0 0.401445 0.501884 0.010987 0.016325
0 0.409386 0.503427 0.013931 0.020750
0 0.425953 0.509452 0.023721 0.048863
0 0.435554 0.520496 0.018073 0.044178
0 0.448167 0.518823 0.020708 0.059573
0 0.466009 0.530361 0.044503 0.085709
0 0.516074 0.537896 0.085297 0.153523
0 0.573217 0.568290 0.127538 0.174730
0 0.678457 0.606181 0.229932 0.241116
0 0.853412 0.710398 0.293177 0.485106
0 0.383971 0.503762 0.012049 0.020081
0 0.360477 0.512062 0.027862 0.038823
0 0.301778 0.539372 0.094506 0.148598
0 0.213325 0.491284 0.037634 0.042517
0 0.163741 0.501577 0.019794 0.051053
0 0.188296 0.509519 0.069656 0.070952
0 0.124175 0.507644 0.042772 0.052478
0 0.051817 0.556489 0.102697 0.199165
