0 0.548288 0.620594 0.017195 0.015170
0 0.535001 0.621774 0.012931 0.026456
0 0.527661 0.623846 0.012551 0.024225
0 0.518738 0.624628 0.014070 0.034135
0 0.498675 0.628896 0.033947 0.052174
0 0.575373 0.619209 0.032671 0.023298
0 0.622374 0.615730 0.012274 0.029021
0 0.400752 0.643959 0.080721 0.119093
0 0.803939 0.649393 0.094170 0.178327
0 0.641010 0.615243 0.028882 0.034087
0 0.467773 0.633522 0.047144 0.054607
0 0.326915 0.679482 0.135149 0.129272
0 0.130432 0.725388 0.255014 0.232524
0 0.906402 0.660503 0.183247 0.253608
