0 0.294209 0.433308 0.019178 0.034094
0 0.305759 0.437957 0.022229 0.052691
0 0.334299 0.440802 0.024391 0.079545
0 0.396976 0.429331 0.111343 0.176339
0 0.459348 0.473824 0.120607 0.240883
0 0.749861 0.370920 0.500279 0.661765
0 0.014145 0.447794 0.028290 0.029118
0 0.060303 0.447794 0.061048 0.034412
0 0.159878 0.436760 0.021962 0.015893
0 0.204147 0.437802 0.012228 0.013948
0 0.261407 0.430387 0.010238 0.012756
0 0.222053 0.439577 0.018260 0.032094
0 0.321886 0.436407 0.025716 0.058890
0 0.286799 0.427883 0.012204 0.021696
