0 0.364876 0.536149 0.045444 0.093171
0 0.344304 0.547823 0.044400 0.086496
0 0.306483 0.566133 0.062033 0.115947
0 0.251276 0.591459 0.108530 0.152649
0 0.497499 0.532336 0.016394 0.041534
0 0.507390 0.536055 0.022229 0.046492
0 0.521472 0.538252 0.032086 0.056047
0 0.536282 0.548948 0.040273 0.083285
0 0.584558 0.562829 0.080153 0.131502
0 0.650935 0.603562 0.124927 0.157445
0 0.824271 0.687102 0.276319 0.304070
0 0.477969 0.523270 0.027024 0.039518
0 0.029364 0.695197 0.058729 0.195581
0 0.942243 0.837768 0.115514 0.273114
0 0.140106 0.641208 0.171387 0.257812
0 0.426460 0.574246 0.090813 0.136820
