0 0.489653 0.531469 0.013049 0.032313
0 0.508678 0.528672 0.022544 0.048094
0 0.525488 0.541129 0.029111 0.063259
0 0.548570 0.544812 0.031688 0.087955
0 0.428544 0.520049 0.018035 0.021375
0 0.409381 0.523389 0.023296 0.046758
0 0.389843 0.520717 0.033816 0.070805
0 0.365045 0.527397 0.060869 0.086837
0 0.333141 0.549015 0.068384 0.086351
0 0.252358 0.566625 0.115727 0.142947
0 0.125263 0.619741 0.250526 0.290670
0 0.024123 0.778434 0.048245 0.299808
0 0.599811 0.563346 0.102200 0.129587
0 0.897645 0.760783 0.204710 0.402054
