0 0.012588 0.683853 0.025176 0.094245
0 0.079682 0.638120 0.114503 0.113787
0 0.156429 0.598478 0.073509 0.079429
0 0.203106 0.593256 0.046378 0.061390
0 0.239455 0.580414 0.053013 0.053491
0 0.284711 0.570261 0.043385 0.055922
0 0.314122 0.562529 0.024838 0.047610
0 0.333027 0.559181 0.024688 0.034964
0 0.426712 0.546604 0.023499 0.031913
0 0.465513 0.542784 0.018138 0.024272
0 0.493809 0.543465 0.021362 0.040826
0 0.518909 0.542990 0.025635 0.051269
0 0.563236 0.542516 0.024567 0.057916
0 0.579962 0.558769 0.036656 0.080476
0 0.654535 0.554512 0.123952 0.117986
0 0.886094 0.592649 0.227813 0.244529
0 0.540005 0.549637 0.031509 0.055067
0 0.482326 0.540142 0.018692 0.022786
0 0.356042 0.554346 0.025525 0.031244
