0 0.710780 0.438628 0.156090 0.179446
0 0.562490 0.426267 0.036119 0.039899
0 0.273674 0.444809 0.042658 0.035343
0 0.327522 0.438559 0.040367 0.039522
0 0.384368 0.434226 0.022231 0.023921
0 0.443713 0.426317 0.030934 0.025640
0 0.465218 0.420397 0.009109 0.012820
0 0.540432 0.423641 0.015491 0.020962
0 0.532382 0.422265 0.008190 0.011441
0 0.515708 0.421745 0.009946 0.012481
0 0.505149 0.424071 0.010003 0.012973
0 0.515562 0.411084 0.007020 0.008320
0 0.500058 0.413503 0.007605 0.007644
0 0.531708 0.411855 0.007340 0.010439
