0 0.271116 0.464127 0.017944 0.035042
0 0.290319 0.466945 0.026296 0.032178
0 0.335911 0.467855 0.028687 0.030357
0 0.354181 0.468462 0.017417 0.031571
0 0.375867 0.465942 0.034834 0.050815
0 0.409404 0.466401 0.065570 0.052669
0 0.462644 0.460266 0.034905 0.030964
0 0.488694 0.459207 0.056811 0.035510
0 0.520068 0.451521 0.018412 0.015901
0 0.545167 0.456866 0.054575 0.043106
0 0.547846 0.437948 0.028947 0.012554
0 0.578452 0.447759 0.040298 0.037035
0 0.619353 0.453952 0.047017 0.029749
0 0.644801 0.451975 0.037101 0.031624
0 0.657825 0.445303 0.024167 0.025565
0 0.686643 0.453102 0.069668 0.045535
0 0.710735 0.440138 0.029060 0.022034
0 0.732672 0.448383 0.014813 0.036037
0 0.740943 0.455531 0.019125 0.044321
0 0.792238 0.456198 0.092891 0.072856
0 0.836192 0.446299 0.031621 0.026344
0 0.858112 0.439449 0.036808 0.034500
0 0.877156 0.439970 0.023669 0.030685
0 0.182948 0.474291 0.010587 0.027928
0 0.206512 0.478844 0.023564 0.030964
0 0.236223 0.475505 0.044055 0.048571
0 0.312859 0.467248 0.023564 0.029142
