0 0.038018 0.528426 0.076035 0.246085
0 0.867426 0.566162 0.265148 0.518165
0 0.370921 0.452462 0.048675 0.051195
0 0.298106 0.461522 0.073715 0.095955
0 0.247127 0.480052 0.071187 0.095865
0 0.140368 0.477408 0.155960 0.164696
0 0.536497 0.406642 0.005924 0.008847
0 0.547155 0.407360 0.009548 0.028043
0 0.555250 0.410312 0.016604 0.047230
0 0.567288 0.413264 0.024907 0.064942
0 0.585138 0.423227 0.039850 0.098150
0 0.629000 0.440200 0.086064 0.124717
0 0.726838 0.482667 0.213070 0.289352
0 0.514422 0.407428 0.009174 0.018575
