0 0.311425 0.555635 0.046990 0.041586
0 0.249023 0.542512 0.072496 0.052833
0 0.111269 0.538928 0.081211 0.056250
0 0.035589 0.538709 0.071178 0.093654
1 0.480651 0.537576 0.013620 0.028901
0 0.480871 0.557163 0.014060 0.014960
0 0.458537 0.558275 0.022699 0.032806
0 0.521760 0.546943 0.055464 0.110316
0 0.557603 0.567777 0.020441 0.051053
0 0.578952 0.569179 0.051932 0.058252
0 0.601699 0.581801 0.055898 0.063781
0 0.648813 0.597755 0.053168 0.089026
0 0.714551 0.605138 0.133945 0.144546
0 0.857078 0.643508 0.214653 0.195305
0 0.601517 0.582917 0.059969 0.061549
