0 0.110663 0.726584 0.221327 0.299808
0 0.944923 0.805542 0.110153 0.227022
0 0.283777 0.678699 0.130409 0.122576
0 0.821774 0.749439 0.175488 0.171727
0 0.729703 0.700064 0.115549 0.128371
0 0.657678 0.694809 0.067572 0.087558
0 0.617952 0.672864 0.060675 0.064720
0 0.586359 0.666913 0.046029 0.055793
0 0.549780 0.660851 0.032987 0.034743
0 0.539069 0.658537 0.013647 0.041592
0 0.527607 0.648846 0.022377 0.029377
0 0.512377 0.645539 0.012903 0.022528
0 0.366729 0.649458 0.053016 0.072218
0 0.392673 0.644256 0.022721 0.056917
0 0.407188 0.644827 0.017789 0.047208
0 0.419694 0.642124 0.014121 0.036701
0 0.427071 0.641255 0.009006 0.029872
0 0.432024 0.639054 0.010117 0.024481
0 0.463109 0.631179 0.007796 0.012153
0 0.440869 0.637830 0.009639 0.024481
