0 0.329166 0.530333 0.034512 0.025588
0 0.283294 0.534609 0.017513 0.027911
0 0.303215 0.534290 0.019118 0.025831
0 0.363314 0.523836 0.029197 0.023957
0 0.433601 0.527492 0.021412 0.031269
0 0.415879 0.525327 0.042055 0.061266
0 0.234603 0.537810 0.022606 0.040543
0 0.196842 0.540384 0.059578 0.060227
0 0.134343 0.540903 0.049064 0.057112
0 0.260333 0.536970 0.025349 0.036785
0 0.051985 0.550393 0.102802 0.071360
0 0.377621 0.544537 0.053153 0.064381
0 0.533197 0.559441 0.264232 0.134592
0 0.636759 0.537557 0.122875 0.113104
0 0.906321 0.528199 0.187358 0.145468
0 0.931557 0.603772 0.136886 0.157740
