0 0.478231 0.470579 0.015691 0.027120
0 0.498772 0.476019 0.032143 0.042649
0 0.604322 0.489772 0.071857 0.113968
0 0.678879 0.507306 0.141365 0.195792
0 0.268908 0.480128 0.036478 0.078070
0 0.215666 0.485456 0.084558 0.120105
0 0.142223 0.511027 0.094583 0.099958
0 0.437521 0.466557 0.014819 0.019386
0 0.408100 0.468874 0.024844 0.030220
0 0.358194 0.474298 0.061893 0.076712
0 0.534182 0.483437 0.050881 0.054387
0 0.844782 0.525373 0.310436 0.340839
0 0.466214 0.470202 0.009214 0.013970
0 0.050124 0.513584 0.100249 0.123979
