1 0.493364 0.359088 0.010718 0.024151
0 0.536048 0.371297 0.009342 0.015175
0 0.546424 0.377746 0.013446 0.020489
0 0.527540 0.384121 0.011980 0.014554
0 0.515360 0.372406 0.010383 0.013844
0 0.502581 0.383766 0.009984 0.014554
0 0.516651 0.390836 0.020489 0.030734
0 0.558909 0.388249 0.014177 0.019972
0 0.472829 0.371164 0.014377 0.018459
0 0.438638 0.383953 0.013883 0.026288
0 0.464711 0.393947 0.030887 0.042725
0 0.607046 0.408722 0.030502 0.039186
0 0.645360 0.402296 0.030646 0.028610
0 0.685411 0.394820 0.023050 0.022766
0 0.667023 0.421758 0.040059 0.064506
0 0.718425 0.432217 0.079956 0.096898
1 0.619550 0.387493 0.023162 0.029818
1 0.699420 0.376079 0.079071 0.029567
0 0.553518 0.386428 0.008187 0.019169
0 0.527840 0.371874 0.007787 0.014199
0 0.505776 0.367792 0.011980 0.021654
0 0.518555 0.362822 0.013977 0.011714
