0 0.269928 0.654607 0.270277 0.289852
0 0.632381 0.522657 0.009472 0.018767
0 0.623575 0.522414 0.014242 0.022928
0 0.613262 0.526834 0.016563 0.024021
0 0.600186 0.529934 0.017435 0.030220
0 0.590814 0.531484 0.017870 0.048817
0 0.672119 0.517810 0.010080 0.017441
0 0.684872 0.519938 0.011939 0.026346
1 0.702222 0.514901 0.033562 0.055016
0 0.721388 0.532117 0.025693 0.047603
0 0.572717 0.540306 0.035128 0.053265
0 0.745272 0.538148 0.048180 0.059665
0 0.703311 0.527687 0.019178 0.041843
0 0.679992 0.519938 0.007410 0.023246
