0 0.302612 0.642981 0.012359 0.013877
0 0.281145 0.637257 0.017563 0.024401
0 0.260329 0.638471 0.032525 0.030067
0 0.232520 0.638471 0.025044 0.028911
0 0.223901 0.646277 0.027971 0.030646
0 0.206988 0.645120 0.019515 0.039897
0 0.189262 0.638760 0.023093 0.057244
0 0.149441 0.644831 0.079013 0.083725
0 0.050576 0.652178 0.101152 0.103046
0 0.415692 0.637777 0.008114 0.017347
0 0.431772 0.642576 0.021654 0.015612
0 0.445851 0.639107 0.022117 0.027176
0 0.482279 0.652117 0.074157 0.055509
0 0.366783 0.642576 0.038054 0.058863
0 0.397519 0.644253 0.024719 0.040475
0 0.313345 0.639590 0.016262 0.020659
