0 0.493074 0.499183 0.014343 0.044928
0 0.507759 0.504344 0.029370 0.088034
0 0.535592 0.514969 0.052251 0.099570
0 0.548228 0.532272 0.065912 0.128105
0 0.419443 0.502239 0.018764 0.038556
0 0.394043 0.507776 0.027459 0.054512
0 0.375051 0.511187 0.046223 0.065590
0 0.332260 0.538694 0.071395 0.077293
0 0.241759 0.562398 0.154787 0.182758
0 0.439319 0.497994 0.013795 0.017048
0 0.457386 0.496148 0.029028 0.046142
0 0.608227 0.574818 0.162011 0.204217
0 0.083422 0.641487 0.166843 0.248879
0 0.408002 0.502081 0.018764 0.049630
