0 0.339478 0.346359 0.015128 0.019603
0 0.287604 0.342478 0.014128 0.017940
0 0.273131 0.340281 0.019194 0.015159
0 0.266664 0.363109 0.019678 0.028704
0 0.262123 0.369388 0.024724 0.034086
0 0.254302 0.384638 0.028256 0.043056
0 0.243959 0.396747 0.035824 0.049336
0 0.228317 0.414687 0.035824 0.054718
0 0.194511 0.438806 0.061053 0.076044
0 0.050961 0.500168 0.101923 0.187678
0 0.349817 0.361226 0.016651 0.024219
0 0.357890 0.373335 0.017660 0.026910
0 0.372573 0.402040 0.021192 0.037674
0 0.387012 0.430295 0.047815 0.058306
0 0.414054 0.467300 0.049257 0.072035
0 0.440430 0.479139 0.044489 0.086744
0 0.487868 0.492654 0.098371 0.174881
0 0.616827 0.525499 0.230950 0.258479
0 0.833849 0.661927 0.332301 0.413744
0 0.364954 0.393518 0.018669 0.036777
0 0.352340 0.366159 0.014632 0.023322
0 0.272719 0.354588 0.024724 0.024219
