0 0.110061 0.847763 0.217123 0.289278
1 0.103147 0.652415 0.206294 0.304830
0 0.311495 0.842853 0.216978 0.273667
0 0.393227 0.741784 0.037002 0.087992
0 0.451132 0.772244 0.074964 0.116449
0 0.409805 0.734523 0.021144 0.056383
0 0.481646 0.730251 0.014897 0.023920
0 0.434553 0.724698 0.017780 0.026483
0 0.453054 0.703341 0.038443 0.029900
0 0.508797 0.751181 0.038443 0.058946
0 0.534025 0.753744 0.036041 0.072615
0 0.546279 0.760579 0.054782 0.118747
0 0.627194 0.839257 0.197065 0.216796
0 0.421338 0.732814 0.015377 0.046132
0 0.487893 0.740503 0.016819 0.030755
