0 0.482756 0.437539 0.029255 0.033484
0 0.505277 0.433167 0.010328 0.012852
0 0.511646 0.422423 0.023754 0.008636
0 0.501318 0.442347 0.013426 0.017748
0 0.525760 0.430253 0.010672 0.013145
0 0.525072 0.444795 0.019623 0.025093
0 0.547417 0.438675 0.011297 0.023869
0 0.561219 0.442041 0.023754 0.030601
0 0.632096 0.458911 0.051903 0.076135
0 0.668561 0.464269 0.051401 0.079957
0 0.686543 0.410819 0.044642 0.027053
0 0.732774 0.463962 0.110903 0.130414
0 0.833394 0.491233 0.172596 0.146113
0 0.452809 0.443265 0.021688 0.024481
0 0.432670 0.447692 0.018590 0.019870
0 0.375523 0.456948 0.026852 0.030481
0 0.347810 0.465698 0.018246 0.029621
0 0.330941 0.468942 0.034082 0.037333
0 0.119414 0.476088 0.076406 0.046283
0 0.169373 0.470647 0.030240 0.040525
0 0.203011 0.466858 0.037036 0.039782
0 0.254446 0.464480 0.056223 0.045278
