0 0.289408 0.362347 0.023397 0.025318
0 0.308487 0.350898 0.015790 0.022968
0 0.337733 0.364595 0.018299 0.026197
0 0.225904 0.345426 0.020773 0.015003
0 0.240601 0.344263 0.012249 0.012659
0 0.210974 0.355813 0.016878 0.035775
0 0.193122 0.358698 0.035703 0.050778
0 0.504041 0.503635 0.069420 0.090936
0 0.558390 0.506071 0.090428 0.099055
0 0.958730 0.600155 0.082541 0.088044
0 0.182766 0.378685 0.038240 0.044591
0 0.274912 0.345509 0.048319 0.019208
0 0.291697 0.379979 0.027974 0.038882
0 0.277836 0.461985 0.079196 0.105018
0 0.378790 0.419483 0.086130 0.059972
0 0.353241 0.378171 0.020854 0.028031
0 0.661149 0.540172 0.208260 0.186743
0 0.012009 0.458479 0.024019 0.100314
0 0.318654 0.358278 0.010681 0.011755
