0 0.330466 0.703973 0.054953 0.065540
0 0.450196 0.695466 0.027316 0.048561
0 0.924882 0.837507 0.150236 0.303507
0 0.765009 0.773756 0.225354 0.231908
0 0.634205 0.750239 0.105787 0.138116
0 0.580834 0.732688 0.078260 0.095519
0 0.541918 0.717433 0.046007 0.077469
0 0.523545 0.702361 0.053823 0.080553
0 0.495203 0.700620 0.021724 0.062534
0 0.348652 0.684205 0.021744 0.031627
0 0.359722 0.666986 0.017000 0.030925
0 0.370989 0.653281 0.028465 0.034439
0 0.467452 0.686806 0.018976 0.028113
0 0.436146 0.652990 0.011711 0.017028
0 0.453418 0.665721 0.024907 0.028113
