0 0.440239 0.308427 0.015846 0.017335
0 0.428659 0.309510 0.009751 0.015169
0 0.418908 0.312761 0.012189 0.026003
0 0.407328 0.312761 0.010970 0.026003
0 0.396358 0.309510 0.018283 0.019502
0 0.383560 0.305176 0.012189 0.019502
0 0.365276 0.317094 0.026816 0.034671
0 0.331147 0.317094 0.029254 0.043339
0 0.306769 0.343098 0.039005 0.052006
0 0.127023 0.363377 0.036530 0.050182
0 0.079493 0.368886 0.063512 0.056771
0 0.026206 0.386091 0.052413 0.054173
0 0.163463 0.375222 0.035519 0.100438
0 0.229978 0.370184 0.131641 0.145184
0 0.490451 0.316147 0.014529 0.025091
0 0.502905 0.307660 0.014529 0.022877
0 0.513282 0.310612 0.017019 0.028781
0 0.523453 0.310981 0.012453 0.023615
0 0.534245 0.310612 0.017435 0.024353
0 0.546284 0.310243 0.013283 0.026567
0 0.563251 0.310207 0.033104 0.039778
0 0.468285 0.325224 0.041926 0.067155
0 0.671365 0.320269 0.091120 0.097663
