0 0.914642 0.552977 0.170715 0.141020
0 0.411413 0.472439 0.012640 0.041068
0 0.398990 0.473213 0.021793 0.048817
0 0.386568 0.475151 0.016999 0.052691
0 0.377851 0.480187 0.028331 0.073613
0 0.321995 0.497729 0.077017 0.091648
0 0.490692 0.482676 0.017656 0.025882
0 0.522784 0.479008 0.045541 0.085423
0 0.564056 0.505385 0.086489 0.101203
0 0.443609 0.474691 0.010842 0.011014
0 0.465756 0.477445 0.008673 0.009912
0 0.429205 0.470561 0.012390 0.019274
0 0.009457 0.513286 0.018914 0.079869
0 0.344725 0.482512 0.043151 0.093759
0 0.477527 0.482952 0.014249 0.031940
