0 0.479503 0.458660 0.010987 0.014615
0 0.440856 0.454687 0.014529 0.018207
0 0.419062 0.452139 0.010325 0.017307
0 0.380904 0.456020 0.024454 0.034719
0 0.258751 0.470038 0.049418 0.061538
0 0.218357 0.478575 0.053232 0.057527
0 0.172567 0.482142 0.053371 0.059038
0 0.104173 0.494441 0.086580 0.083637
0 0.025115 0.496769 0.050229 0.071855
0 0.507303 0.455012 0.011860 0.018274
0 0.518175 0.458527 0.019372 0.022491
0 0.540314 0.459229 0.034395 0.052009
0 0.577476 0.467856 0.065231 0.083320
0 0.715590 0.496699 0.150786 0.110591
0 0.903829 0.562863 0.192342 0.224274
