0 0.023167 0.676860 0.046335 0.254746
0 0.071803 0.686330 0.071481 0.202636
0 0.183854 0.773910 0.287855 0.398403
0 0.419401 0.705240 0.065890 0.050872
0 0.463454 0.712268 0.024474 0.042170
0 0.547761 0.730629 0.020774 0.032036
0 0.578103 0.744063 0.040664 0.044178
0 0.635929 0.736866 0.037514 0.028714
0 0.656757 0.761409 0.079294 0.062002
0 0.713939 0.763141 0.044690 0.058946
0 0.755035 0.769813 0.026891 0.032991
0 0.781215 0.781936 0.070639 0.058946
0 0.824796 0.805785 0.030939 0.042004
0 0.890538 0.827641 0.021144 0.041006
0 0.936620 0.828922 0.092164 0.057238
0 0.485857 0.718627 0.069279 0.053549
