0 0.474246 0.525729 0.015404 0.018630
0 0.457197 0.526987 0.012462 0.017119
0 0.434022 0.532781 0.022560 0.031727
2 0.515923 0.518601 0.020760 0.038547
0 0.493628 0.525511 0.021985 0.027763
0 0.541192 0.533475 0.007381 0.019684
0 0.546267 0.535526 0.012917 0.025425
0 0.556530 0.536820 0.025607 0.034318
0 0.390062 0.535337 0.026296 0.063223
0 0.361920 0.529539 0.049363 0.077871
0 0.332164 0.544324 0.057206 0.087757
0 0.292027 0.548835 0.067355 0.119743
0 0.191686 0.544734 0.164698 0.196838
0 0.073122 0.605836 0.146244 0.186176
0 0.613264 0.549490 0.046985 0.060341
0 0.644547 0.564905 0.054529 0.072705
0 0.694946 0.585640 0.089515 0.118541
0 0.771673 0.586452 0.146147 0.162386
0 0.905475 0.624242 0.189050 0.270443
0 0.446718 0.528750 0.009630 0.023665
