0 0.423477 0.313943 0.016771 0.027829
0 0.407943 0.322016 0.016218 0.039746
0 0.396350 0.323094 0.014416 0.042715
0 0.381934 0.325657 0.027871 0.054675
0 0.351900 0.323094 0.052379 0.083721
0 0.325636 0.335819 0.053153 0.105917
0 0.303148 0.335300 0.043223 0.152645
0 0.196267 0.332421 0.214967 0.259035
0 0.468327 0.319691 0.021271 0.031424
0 0.486721 0.327714 0.022527 0.040695
0 0.507161 0.330109 0.035371 0.057945
0 0.526281 0.331585 0.033864 0.073359
0 0.574528 0.345575 0.083656 0.107568
0 0.598995 0.346826 0.085863 0.128762
0 0.651564 0.396669 0.112731 0.153683
0 0.756040 0.428949 0.156968 0.191245
0 0.899437 0.491743 0.201125 0.264906
0 0.078004 0.413265 0.154974 0.352653
