0 0.406001 0.455391 0.030232 0.020455
0 0.384021 0.458914 0.015704 0.017988
0 0.333649 0.454297 0.029167 0.045477
0 0.312778 0.454154 0.032913 0.053754
0 0.295385 0.458911 0.038264 0.051852
0 0.265148 0.471041 0.055925 0.061841
0 0.542200 0.452624 0.011284 0.021422
0 0.553415 0.451205 0.017125 0.023309
0 0.568668 0.451680 0.018196 0.026164
0 0.700592 0.466204 0.076190 0.093524
0 0.825772 0.467687 0.177196 0.179789
0 0.440126 0.451444 0.024370 0.025995
0 0.591680 0.453345 0.036391 0.034251
0 0.059951 0.492200 0.119901 0.116110
0 0.947265 0.529429 0.079934 0.133440
0 0.461902 0.454059 0.009098 0.008087
0 0.356635 0.455391 0.020336 0.024261
