0 0.599907 0.256459 0.028832 0.059801
0 0.628019 0.261158 0.037963 0.082867
0 0.676313 0.271837 0.094186 0.112767
0 0.516197 0.283729 0.078040 0.106780
0 0.471090 0.257919 0.014311 0.021112
0 0.454677 0.257525 0.015264 0.024950
0 0.440203 0.258725 0.013683 0.029315
0 0.424239 0.260102 0.024750 0.028948
0 0.405858 0.260847 0.012013 0.024407
0 0.356278 0.291596 0.098876 0.104658
0 0.279194 0.297379 0.043583 0.057244
0 0.577081 0.250052 0.021624 0.043569
0 0.564347 0.251333 0.011533 0.025629
0 0.559301 0.251333 0.006247 0.018794
