0 0.602208 0.400424 0.367402 0.455547
0 0.854240 0.255734 0.103900 0.083448
0 0.240657 0.247535 0.049143 0.049923
0 0.271348 0.244415 0.037982 0.052003
0 0.285704 0.241294 0.038612 0.058243
0 0.308525 0.238736 0.017395 0.042560
0 0.316432 0.237486 0.020558 0.044278
0 0.355217 0.229404 0.009573 0.028113
0 0.365021 0.222727 0.013366 0.028815
0 0.380281 0.225674 0.010133 0.014600
0 0.406400 0.222442 0.010984 0.021154
0 0.391526 0.228137 0.018764 0.022781
0 0.716960 0.250655 0.039782 0.074884
0 0.499534 0.159794 0.010526 0.013018
0 0.332245 0.235026 0.015023 0.039358
