0 0.383756 0.556132 0.022881 0.019428
0 0.409542 0.556666 0.015712 0.014424
0 0.425828 0.557888 0.014134 0.015653
0 0.450175 0.553311 0.012967 0.013786
0 0.524564 0.558927 0.015031 0.017247
0 0.512555 0.560321 0.012187 0.021250
0 0.548638 0.563661 0.018100 0.020642
0 0.597611 0.577018 0.031078 0.044928
0 0.777864 0.580520 0.049376 0.051204
0 0.197670 0.575246 0.090178 0.059819
0 0.488532 0.582785 0.044055 0.071034
0 0.682272 0.631420 0.148343 0.180832
0 0.567421 0.576410 0.033810 0.047356
0 0.620663 0.574893 0.021174 0.026107
