0 0.347908 0.677059 0.011780 0.015867
0 0.331825 0.673081 0.013907 0.019779
0 0.310485 0.683465 0.022406 0.028680
0 0.374306 0.674362 0.016742 0.017008
0 0.395074 0.679707 0.026702 0.036591
0 0.410928 0.696025 0.027258 0.045492
0 0.428730 0.700970 0.035046 0.055381
0 0.127693 0.713074 0.044247 0.072283
0 0.082327 0.722892 0.068985 0.085776
0 0.023917 0.750898 0.047835 0.127559
0 0.282593 0.687916 0.026702 0.035602
0 0.224183 0.698794 0.047841 0.057359
0 0.467670 0.711848 0.068423 0.092962
0 0.653401 0.777036 0.258073 0.279378
