0 0.203055 0.495797 0.017094 0.019412
0 0.246091 0.493789 0.018073 0.036815
0 0.385847 0.489825 0.016373 0.055441
0 0.483810 0.511931 0.033294 0.076842
0 0.505714 0.510893 0.038551 0.076842
0 0.533167 0.515566 0.056074 0.092418
0 0.608808 0.529065 0.106890 0.115262
0 0.722123 0.544122 0.157123 0.143299
0 0.947374 0.575835 0.105252 0.210678
0 0.425878 0.503057 0.085469 0.126179
0 0.306221 0.542443 0.141344 0.193863
0 0.154169 0.505335 0.037606 0.038757
0 0.119278 0.511836 0.019282 0.042387
0 0.060298 0.525555 0.119621 0.100884
