2 0.495391 0.606116 0.034869 0.032284
0 0.476656 0.654293 0.028007 0.044883
0 0.569397 0.646102 0.022182 0.061266
0 0.595078 0.652026 0.039971 0.065625
0 0.618056 0.655688 0.037775 0.080439
0 0.670775 0.647570 0.102532 0.138001
0 0.766873 0.670078 0.170195 0.177113
0 0.510626 0.653253 0.050228 0.079701
0 0.388764 0.661562 0.039205 0.037674
0 0.351944 0.674748 0.032318 0.041442
0 0.317286 0.678045 0.039118 0.053686
0 0.282805 0.684638 0.041324 0.068756
0 0.225608 0.685564 0.087942 0.157802
0 0.109722 0.769561 0.219444 0.433993
