0 0.502297 0.414182 0.032517 0.044207
0 0.602598 0.423730 0.043477 0.056953
0 0.386753 0.406662 0.012685 0.013299
0 0.374069 0.407241 0.010733 0.022551
0 0.351952 0.412445 0.021792 0.023707
0 0.251665 0.428320 0.045639 0.051295
0 0.185880 0.444258 0.036753 0.035062
0 0.101468 0.460542 0.040350 0.036407
0 0.308531 0.419961 0.035777 0.039897
0 0.459183 0.440791 0.065953 0.110005
0 0.553400 0.441630 0.068649 0.079734
0 0.689574 0.497461 0.179818 0.219059
0 0.415863 0.403309 0.012359 0.014456
0 0.032037 0.471530 0.064074 0.074574
