0 0.381112 0.472027 0.017245 0.028680
0 0.370264 0.477961 0.024477 0.036591
0 0.351350 0.484643 0.028927 0.036109
0 0.319642 0.493290 0.056741 0.108785
0 0.277865 0.519002 0.061748 0.126586
0 0.184599 0.530230 0.183750 0.186513
0 0.426239 0.475991 0.024394 0.032380
0 0.439574 0.478882 0.014636 0.027755
0 0.455699 0.480934 0.019436 0.029315
0 0.478083 0.482351 0.043778 0.056434
0 0.519515 0.503575 0.049509 0.106807
0 0.569025 0.516530 0.116264 0.131531
0 0.708962 0.575324 0.207321 0.234878
0 0.068217 0.615993 0.136433 0.299198
0 0.874937 0.691188 0.250126 0.504474
0 0.400219 0.475124 0.015937 0.016768
