0 0.450769 0.463069 0.009508 0.007833
0 0.433698 0.475918 0.008731 0.008419
0 0.440530 0.485541 0.011007 0.014170
0 0.419168 0.493241 0.010791 0.016313
0 0.454989 0.489832 0.012598 0.017353
0 0.428575 0.502410 0.013664 0.019568
0 0.409107 0.506670 0.019198 0.029439
0 0.386100 0.507317 0.014423 0.018218
0 0.364087 0.507654 0.027327 0.037786
0 0.251007 0.519271 0.091044 0.097656
0 0.123756 0.525158 0.053594 0.044327
0 0.624913 0.420834 0.043749 0.022606
0 0.711599 0.420621 0.024848 0.020372
0 0.750108 0.415220 0.029174 0.030508
0 0.789857 0.407937 0.029208 0.031172
0 0.324365 0.514339 0.029500 0.030744
0 0.310685 0.469580 0.016383 0.018989
