2 0.054398 0.253540 0.108796 0.286549
0 0.980751 0.433004 0.038498 0.141289
0 0.885326 0.371352 0.228342 0.196608
0 0.754599 0.318201 0.153301 0.168490
0 0.673080 0.302622 0.092828 0.132715
0 0.629262 0.299160 0.057125 0.086553
0 0.609133 0.282426 0.061031 0.083092
0 0.141874 0.295180 0.064561 0.075099
0 0.194232 0.286045 0.058488 0.070999
0 0.273042 0.279271 0.015542 0.039675
0 0.287787 0.268290 0.037063 0.051719
0 0.324632 0.268182 0.023152 0.032098
0 0.464930 0.270737 0.034273 0.043217
0 0.549724 0.273571 0.037063 0.044634
0 0.390231 0.267774 0.029788 0.036428
0 0.336153 0.264485 0.015024 0.026709
0 0.342982 0.262057 0.015024 0.026709
0 0.350130 0.255920 0.010733 0.024285
0 0.365744 0.250427 0.011380 0.019081
0 0.369645 0.241176 0.009432 0.021394
0 0.380541 0.240887 0.009757 0.015034
0 0.531990 0.265355 0.021520 0.039538
0 0.516557 0.263130 0.014783 0.029419
0 0.506084 0.261207 0.019341 0.028408
0 0.493935 0.244764 0.013724 0.022445
0 0.461742 0.226103 0.010362 0.013461
0 0.411371 0.241963 0.023020 0.030227
0 0.481070 0.228582 0.020325 0.022671
0 0.356798 0.254475 0.013010 0.023707
0 0.429947 0.225564 0.013335 0.017925
