0 0.551110 0.517300 0.015504 0.040798
0 0.561544 0.523609 0.017395 0.049198
0 0.570044 0.529092 0.015418 0.060722
0 0.583881 0.527123 0.027279 0.064660
0 0.674126 0.562914 0.066034 0.132951
0 0.730967 0.583922 0.117276 0.178041
0 0.456225 0.518267 0.025302 0.036547
0 0.438632 0.514823 0.019372 0.055524
0 0.418667 0.520094 0.030837 0.056226
0 0.473868 0.517776 0.017101 0.021509
0 0.871633 0.585902 0.255301 0.371347
0 0.611819 0.533180 0.058023 0.087106
0 0.392970 0.527826 0.047441 0.071689
0 0.518650 0.513699 0.013519 0.021788
0 0.542172 0.522906 0.009488 0.028113
0 0.536044 0.518337 0.007511 0.017571
0 0.488643 0.510887 0.012651 0.016165
