0 0.417919 0.585396 0.016210 0.020805
0 0.458258 0.647340 0.032004 0.044847
0 0.474072 0.657046 0.028239 0.060243
0 0.506264 0.657715 0.058737 0.084340
0 0.542108 0.672085 0.074550 0.099693
0 0.293865 0.622442 0.037022 0.073469
0 0.290338 0.626890 0.032951 0.059394
0 0.272489 0.643162 0.046681 0.061021
0 0.205895 0.666844 0.026991 0.061196
0 0.240911 0.657807 0.043935 0.059394
0 0.157171 0.671626 0.095166 0.085305
0 0.012915 0.716480 0.025829 0.136225
0 0.339365 0.594237 0.014961 0.028333
0 0.329375 0.617501 0.015798 0.027447
0 0.420384 0.613434 0.015937 0.027176
0 0.619482 0.692857 0.150983 0.168010
0 0.352863 0.575445 0.014636 0.015034
0 0.861632 0.784362 0.272927 0.425272
0 0.406169 0.576274 0.012876 0.019388
0 0.423474 0.601869 0.016913 0.019081
