0 0.248111 0.363577 0.068659 0.100468
0 0.510294 0.411641 0.023661 0.028043
0 0.545163 0.413855 0.026982 0.035423
0 0.297829 0.364393 0.033980 0.105122
0 0.329555 0.385590 0.040266 0.074535
0 0.350546 0.382436 0.032434 0.057894
0 0.372084 0.399549 0.022377 0.033379
0 0.391988 0.402416 0.022831 0.033209
0 0.495972 0.410833 0.018265 0.020524
0 0.531291 0.410678 0.020825 0.030546
0 0.454046 0.407582 0.020755 0.024353
0 0.411705 0.407213 0.015774 0.022139
0 0.433499 0.416069 0.035284 0.032471
0 0.429140 0.391346 0.020755 0.021401
