0 0.294009 0.399698 0.043922 0.025640
0 0.242207 0.407099 0.058521 0.048353
0 0.209594 0.401840 0.030032 0.073220
0 0.186671 0.400694 0.030521 0.083131
2 0.090396 0.390418 0.173005 0.147197
0 0.632593 0.388316 0.024188 0.046224
0 0.626147 0.406704 0.024850 0.062920
0 0.688845 0.347684 0.012685 0.019081
0 0.696325 0.358092 0.011384 0.017925
0 0.705920 0.368211 0.014961 0.023129
0 0.806635 0.404946 0.062228 0.086185
0 0.845367 0.406203 0.061988 0.095875
0 0.594998 0.416441 0.063804 0.090000
0 0.918396 0.427395 0.137408 0.123908
0 0.739163 0.397290 0.072600 0.067285
0 0.672161 0.349158 0.009624 0.010350
