0 0.466859 0.500485 0.007511 0.014759
0 0.461127 0.504000 0.009488 0.014759
0 0.452034 0.505054 0.011860 0.018274
0 0.443732 0.505757 0.012651 0.019679
0 0.432133 0.507815 0.015547 0.023997
0 0.417244 0.511262 0.011860 0.022725
0 0.404593 0.514894 0.021348 0.033736
0 0.389768 0.519462 0.026488 0.037250
0 0.367431 0.522625 0.027674 0.046387
0 0.571588 0.511172 0.033203 0.048221
0 0.335013 0.530707 0.052976 0.056929
0 0.534854 0.519133 0.044349 0.061331
0 0.422383 0.510325 0.008698 0.018976
0 0.474964 0.498728 0.008698 0.016868
