0 0.451443 0.466715 0.012738 0.014246
0 0.421925 0.467335 0.009755 0.022918
0 0.413215 0.470741 0.016027 0.023537
0 0.393441 0.467951 0.032923 0.058836
0 0.383265 0.476331 0.029294 0.061970
0 0.366400 0.482690 0.035848 0.074830
0 0.317483 0.492566 0.096119 0.127566
0 0.210134 0.534200 0.137132 0.179284
0 0.106142 0.542976 0.212284 0.373447
0 0.476103 0.467954 0.009407 0.024156
0 0.482897 0.471361 0.017421 0.038403
0 0.494743 0.475696 0.025086 0.049552
0 0.522442 0.487431 0.044945 0.058155
0 0.604605 0.498561 0.111740 0.137473
0 0.786771 0.545640 0.300553 0.311211
0 0.428022 0.465167 0.008710 0.019821
0 0.468961 0.464547 0.008362 0.022298
