0 0.429871 0.359508 0.008771 0.012739
0 0.416861 0.362345 0.017376 0.027448
0 0.396117 0.364432 0.010840 0.018973
0 0.385529 0.364432 0.019565 0.025297
0 0.372189 0.372732 0.024012 0.030830
0 0.348177 0.371942 0.024902 0.043479
0 0.334169 0.374709 0.030682 0.052175
0 0.234603 0.396843 0.081296 0.094863
0 0.022678 0.461449 0.045356 0.157670
0 0.485162 0.366683 0.024040 0.052029
0 0.522093 0.387194 0.078392 0.096769
0 0.625827 0.406809 0.105569 0.143253
0 0.732237 0.449018 0.212821 0.192888
0 0.294594 0.382614 0.083153 0.088539
0 0.444576 0.365113 0.013759 0.011720
