0 0.026106 0.513784 0.052212 0.185251
0 0.093082 0.515317 0.117931 0.135594
2 0.288537 0.439873 0.131356 0.160023
0 0.506464 0.506204 0.142266 0.210764
0 0.405759 0.454450 0.049426 0.076144
0 0.777788 0.520792 0.205287 0.192680
0 0.668593 0.488689 0.092972 0.121553
0 0.624291 0.476253 0.058029 0.093180
0 0.603896 0.467546 0.061382 0.086189
0 0.573125 0.462942 0.030575 0.068776
0 0.568757 0.441856 0.044304 0.053263
0 0.449737 0.450570 0.014669 0.028503
0 0.376281 0.459003 0.016186 0.034500
0 0.431120 0.453287 0.009083 0.034602
0 0.439554 0.455594 0.009083 0.027682
