0 0.050661 0.470299 0.099372 0.171983
0 0.116490 0.461842 0.137448 0.143838
0 0.217382 0.454044 0.066287 0.079718
0 0.279221 0.446369 0.055442 0.060902
0 0.323585 0.440775 0.039095 0.049714
0 0.646298 0.466175 0.115027 0.159435
0 0.568313 0.444512 0.035093 0.050257
0 0.547355 0.441913 0.010723 0.038126
0 0.532430 0.432459 0.017177 0.022683
0 0.506500 0.419341 0.016618 0.033291
0 0.369940 0.428951 0.028269 0.029390
0 0.491303 0.423716 0.011698 0.022529
0 0.430273 0.428799 0.015896 0.022296
0 0.521493 0.429028 0.006142 0.024406
0 0.402093 0.429670 0.039017 0.015414
0 0.446168 0.430313 0.013728 0.010276
