0 0.026377 0.682111 0.052753 0.172392
0 0.766375 0.680897 0.372859 0.354497
0 0.095696 0.646482 0.097318 0.111880
0 0.158036 0.629895 0.071255 0.087384
0 0.207612 0.617070 0.039576 0.050750
0 0.243945 0.596886 0.043469 0.040369
0 0.585268 0.604900 0.158527 0.224835
0 0.493194 0.598286 0.080064 0.154672
0 0.439018 0.588714 0.053910 0.082389
0 0.403790 0.580731 0.019749 0.037956
0 0.330690 0.635978 0.105165 0.143256
0 0.376835 0.578833 0.013878 0.030365
0 0.408060 0.592118 0.010141 0.030365
0 0.388577 0.584527 0.010675 0.037956
0 0.273140 0.589389 0.017517 0.025375
0 0.347296 0.552174 0.009345 0.005422
0 0.328644 0.527773 0.006608 0.007230
