0 0.822001 0.488258 0.025403 0.036921
0 0.846174 0.489103 0.046523 0.053240
0 0.706776 0.463957 0.020573 0.027725
0 0.426666 0.458469 0.017147 0.026187
0 0.415142 0.460526 0.012538 0.026761
0 0.403734 0.460713 0.013454 0.028315
0 0.393538 0.460123 0.016591 0.028315
0 0.381427 0.463957 0.015596 0.030085
0 0.369453 0.460813 0.018194 0.030874
0 0.354973 0.467278 0.024038 0.032006
0 0.337365 0.467573 0.024363 0.031416
0 0.314897 0.469562 0.025218 0.034214
0 0.278894 0.470151 0.043468 0.050732
0 0.244058 0.475784 0.044786 0.043119
0 0.130188 0.479563 0.078080 0.068374
0 0.646550 0.458353 0.016259 0.014158
0 0.723367 0.473101 0.022564 0.027135
0 0.920742 0.523792 0.158515 0.135937
0 0.504087 0.453274 0.015820 0.025496
0 0.528229 0.455100 0.013881 0.015910
0 0.546759 0.453514 0.013431 0.015577
