0 0.480421 0.366714 0.008610 0.013032
0 0.467135 0.363624 0.012796 0.019212
0 0.450718 0.367108 0.011193 0.018367
0 0.442444 0.372902 0.011865 0.018540
0 0.426882 0.371078 0.015179 0.026308
0 0.404225 0.376321 0.026690 0.039737
0 0.373895 0.373996 0.038352 0.062755
0 0.125957 0.390818 0.157521 0.169611
0 0.023246 0.410888 0.046492 0.191327
0 0.268741 0.393581 0.079760 0.081748
0 0.351119 0.379883 0.048214 0.050980
0 0.829544 0.451827 0.173055 0.179263
0 0.532016 0.363624 0.010458 0.019212
0 0.544312 0.365348 0.013418 0.021287
0 0.575116 0.372640 0.033578 0.053850
0 0.601774 0.382141 0.046456 0.068731
0 0.647212 0.388321 0.075321 0.101567
0 0.711949 0.403536 0.089688 0.109591
0 0.515721 0.361751 0.015497 0.022959
0 0.498071 0.363554 0.018080 0.023504
0 0.936018 0.473358 0.123119 0.241837
