0 0.537777 0.576057 0.015024 0.038849
0 0.553855 0.572208 0.027590 0.050357
0 0.567142 0.570897 0.019121 0.052810
0 0.584020 0.571554 0.042305 0.063436
0 0.616832 0.574352 0.045391 0.084000
0 0.647477 0.575151 0.062537 0.095482
0 0.747512 0.578958 0.159971 0.143524
0 0.604636 0.508327 0.007695 0.010228
0 0.471821 0.570932 0.021704 0.015106
0 0.432274 0.566267 0.010304 0.029538
0 0.416564 0.567575 0.021853 0.032154
0 0.379836 0.559224 0.044549 0.076325
0 0.358272 0.571358 0.071240 0.082140
0 0.199300 0.597834 0.179886 0.156663
0 0.517069 0.579729 0.016554 0.019620
0 0.501251 0.576786 0.013611 0.018966
0 0.444415 0.570246 0.013979 0.018966
