0 0.404116 0.422918 0.015760 0.017695
0 0.374463 0.428816 0.013686 0.022119
0 0.357293 0.433092 0.012027 0.020645
0 0.349206 0.433461 0.014930 0.021382
0 0.338723 0.439658 0.018476 0.026684
0 0.313401 0.439809 0.045816 0.056197
0 0.266379 0.450409 0.042378 0.052328
0 0.239799 0.464428 0.038155 0.055298
0 0.200323 0.474840 0.071161 0.069320
0 0.039480 0.539764 0.077010 0.205219
0 0.963168 0.461206 0.072251 0.103519
0 0.489344 0.421564 0.014516 0.032683
0 0.435429 0.415913 0.039400 0.028755
0 0.476073 0.418125 0.021151 0.021382
0 0.386490 0.425129 0.012027 0.020645
