0 0.315764 0.393493 0.041611 0.053821
0 0.354887 0.393130 0.017834 0.030967
0 0.383794 0.403187 0.047280 0.065827
0 0.500003 0.403084 0.016589 0.030229
0 0.515348 0.409720 0.034008 0.044976
0 0.611654 0.415937 0.050278 0.067238
0 0.679676 0.401602 0.113528 0.113848
0 0.765296 0.442795 0.113214 0.089767
0 0.896009 0.464040 0.162723 0.138400
0 0.133886 0.394339 0.052084 0.074075
0 0.051987 0.387803 0.101910 0.172115
0 0.217918 0.415494 0.133368 0.151927
0 0.453434 0.388492 0.081067 0.155945
0 0.969778 0.493779 0.059835 0.156701
0 0.409508 0.391656 0.014101 0.032441
0 0.342306 0.387022 0.018341 0.030630
0 0.280615 0.399373 0.015006 0.011857
0 0.292008 0.392457 0.013339 0.021737
0 0.083028 0.394339 0.086398 0.091504
