0 0.493453 0.420701 0.017284 0.031580
0 0.484091 0.427529 0.024485 0.029873
0 0.454074 0.433659 0.025566 0.062248
0 0.428604 0.434546 0.039825 0.074306
0 0.371502 0.448043 0.091173 0.110023
0 0.255137 0.470167 0.146357 0.185601
0 0.112659 0.520757 0.225318 0.273650
0 0.548692 0.423729 0.014101 0.011060
0 0.584982 0.432208 0.017834 0.025068
0 0.621229 0.434825 0.060136 0.087222
0 0.632012 0.460274 0.033593 0.074712
0 0.674980 0.468856 0.088838 0.125794
0 0.739793 0.502962 0.148756 0.168483
0 0.419060 0.444033 0.021120 0.061260
0 0.506597 0.423729 0.007880 0.015483
0 0.512196 0.421148 0.009124 0.019170
0 0.521527 0.422623 0.011198 0.016221
0 0.532725 0.423729 0.010368 0.012534
0 0.568392 0.425940 0.023640 0.021382
