0 0.570150 0.377927 0.009074 0.013443
0 0.490005 0.391067 0.024178 0.039141
0 0.592734 0.384275 0.013422 0.026974
0 0.603530 0.387907 0.019841 0.046686
0 0.613742 0.395687 0.015756 0.051873
0 0.377534 0.437210 0.080388 0.095699
0 0.472533 0.400935 0.036605 0.047212
0 0.542676 0.384648 0.027726 0.023301
0 0.640435 0.403990 0.061726 0.078841
0 0.804505 0.493102 0.218281 0.206928
0 0.114099 0.511372 0.228198 0.232323
0 0.331592 0.389007 0.059469 0.040033
0 0.580696 0.378619 0.012019 0.012058
0 0.213856 0.365702 0.032207 0.046839
0 0.287980 0.380428 0.011581 0.011438
0 0.512177 0.390921 0.024197 0.032263
0 0.561076 0.376134 0.009074 0.013443
