0 0.377529 0.355163 0.016636 0.022405
0 0.389627 0.360092 0.019660 0.021509
0 0.414581 0.360988 0.028230 0.046602
0 0.431217 0.365021 0.034280 0.049291
0 0.456528 0.374420 0.039099 0.061210
0 0.492126 0.380126 0.049604 0.082997
0 0.542328 0.393664 0.111157 0.120647
0 0.681358 0.449397 0.204347 0.180077
0 0.310926 0.360221 0.026999 0.011613
0 0.291983 0.361382 0.007403 0.009290
0 0.274564 0.358673 0.028306 0.028644
0 0.167267 0.374495 0.037075 0.048681
0 0.040367 0.397541 0.080735 0.082293
0 0.349047 0.362333 0.030247 0.040329
0 0.225356 0.366027 0.022209 0.018580
0 0.367699 0.357404 0.007058 0.012547
0 0.246476 0.362156 0.022644 0.023225
