0 0.055690 0.472555 0.111067 0.202999
0 0.132978 0.464778 0.083443 0.125373
0 0.181108 0.449260 0.082364 0.103163
0 0.226658 0.454807 0.024959 0.069885
0 0.256297 0.449815 0.055534 0.059901
0 0.292487 0.443159 0.018095 0.035497
0 0.305279 0.442050 0.011232 0.033279
0 0.341469 0.475510 0.069885 0.095762
0 0.600804 0.547517 0.144287 0.180871
0 0.525229 0.525246 0.061149 0.097617
0 0.493718 0.506943 0.068013 0.085415
0 0.460960 0.490859 0.039934 0.064339
0 0.446608 0.484203 0.032447 0.057683
0 0.428201 0.472555 0.028079 0.056574
0 0.403554 0.465900 0.026207 0.029951
0 0.391420 0.460511 0.010542 0.020760
0 0.376724 0.454807 0.016223 0.025514
0 0.386148 0.462141 0.005404 0.019216
0 0.383446 0.458538 0.006756 0.019216
