0 0.354343 0.582285 0.012673 0.041592
0 0.335598 0.580727 0.029773 0.059270
0 0.315838 0.590950 0.035093 0.072786
0 0.274408 0.596149 0.077010 0.090116
0 0.422092 0.584885 0.017547 0.019063
0 0.455235 0.596149 0.035093 0.058922
0 0.556615 0.612613 0.152070 0.098781
0 0.672130 0.624744 0.055564 0.064121
0 0.773023 0.643806 0.099430 0.088383
0 0.844671 0.633408 0.090657 0.067587
0 0.886588 0.630809 0.034118 0.041592
0 0.920219 0.630809 0.011698 0.034660
0 0.936790 0.630809 0.029244 0.034660
0 0.973346 0.629076 0.022421 0.038126
