0 0.416483 0.492857 0.013776 0.030612
0 0.423371 0.501276 0.017219 0.038265
0 0.441021 0.501276 0.037022 0.050510
0 0.453936 0.514286 0.040466 0.055102
0 0.477612 0.530357 0.041327 0.075000
0 0.375157 0.495153 0.013776 0.019898
0 0.225779 0.495919 0.033578 0.052041
0 0.089315 0.489337 0.084375 0.068878
0 0.018285 0.495459 0.033578 0.056633
0 0.161206 0.504643 0.104177 0.093367
0 0.346573 0.499286 0.037883 0.061225
0 0.395648 0.502347 0.025829 0.042857
0 0.549761 0.524541 0.120536 0.182143
0 0.318935 0.493163 0.014636 0.024490
0 0.302147 0.499286 0.015497 0.021429
