0 0.314309 0.604144 0.032165 0.049724
0 0.294031 0.587983 0.013985 0.032320
0 0.270956 0.594199 0.034962 0.049724
0 0.217813 0.602901 0.062932 0.091989
0 0.196836 0.619061 0.085307 0.114365
0 0.086444 0.606275 0.172887 0.268508
0 0.367276 0.610004 0.016782 0.027348
0 0.377065 0.612490 0.019579 0.037293
0 0.384757 0.619949 0.018180 0.042265
1 0.412042 0.603007 0.050374 0.091066
0 0.410629 0.627407 0.016782 0.047238
0 0.424614 0.636109 0.025173 0.054696
0 0.479154 0.604497 0.109081 0.187534
0 0.616355 0.721253 0.273804 0.317005
0 0.355279 0.607358 0.016728 0.029739
