0 0.356872 0.427806 0.012915 0.015306
0 0.287144 0.439383 0.059429 0.035398
0 0.246237 0.436990 0.027551 0.039796
0 0.225144 0.443878 0.023246 0.035204
0 0.213090 0.472194 0.055963 0.076531
0 0.150239 0.471429 0.083514 0.108674
0 0.374626 0.430951 0.013795 0.015473
0 0.396550 0.433251 0.016506 0.023135
0 0.445634 0.467734 0.059243 0.076794
0 0.501945 0.486735 0.070600 0.108674
0 0.530788 0.510459 0.078348 0.156123
0 0.071460 0.499745 0.118814 0.125510
0 0.025399 0.523470 0.050797 0.154592
0 0.339672 0.434004 0.023208 0.015156
0 0.639701 0.552551 0.210938 0.243367
