0 0.018928 0.676041 0.036272 0.112327
0 0.866644 0.725964 0.264436 0.295378
0 0.082112 0.651079 0.108817 0.083205
0 0.164017 0.637558 0.080735 0.076965
0 0.717460 0.678121 0.134558 0.158089
0 0.663052 0.645879 0.091265 0.126888
0 0.618004 0.623878 0.050313 0.087683
0 0.597020 0.630851 0.033778 0.069635
0 0.579831 0.615731 0.035394 0.058215
0 0.566821 0.613651 0.026312 0.054054
0 0.236987 0.632180 0.066694 0.063144
0 0.273419 0.615717 0.039782 0.066564
0 0.320221 0.609477 0.037442 0.054083
0 0.495147 0.608436 0.043293 0.064484
0 0.549104 0.607361 0.016284 0.039593
0 0.398120 0.611419 0.072200 0.031342
0 0.459263 0.618599 0.020806 0.020741
