0 0.427676 0.611875 0.017930 0.030000
0 0.098634 0.650478 0.073828 0.105293
0 0.196424 0.614346 0.051665 0.050257
0 0.448914 0.616312 0.020039 0.028125
0 0.480555 0.617250 0.032695 0.045000
0 0.250633 0.634125 0.049570 0.060000
0 0.155711 0.656625 0.100195 0.097500
0 0.297039 0.624750 0.036914 0.041250
0 0.337645 0.608812 0.021094 0.028125
0 0.387743 0.625687 0.055898 0.091875
0 0.639140 0.647812 0.113906 0.125625
0 0.876445 0.602812 0.059062 0.065625
0 0.962929 0.753750 0.071719 0.198750
0 0.020566 0.656250 0.041133 0.086250
