0 0.067050 0.636191 0.134099 0.449076
0 0.907897 0.714502 0.181657 0.442146
0 0.182437 0.600873 0.240131 0.295172
0 0.342741 0.579363 0.082036 0.119199
0 0.784183 0.638270 0.252324 0.275821
0 0.636581 0.614707 0.086541 0.109497
0 0.588776 0.598616 0.049308 0.085352
0 0.567101 0.589663 0.046182 0.073269
0 0.551989 0.585600 0.024949 0.059600
0 0.535616 0.577284 0.031186 0.045739
0 0.519634 0.572433 0.021050 0.038809
0 0.438940 0.555108 0.012474 0.045739
0 0.451805 0.553722 0.017932 0.042967
0 0.477284 0.565320 0.028348 0.041216
0 0.493404 0.567474 0.015571 0.036909
0 0.387976 0.568627 0.044766 0.080738
