0 0.339965 0.568627 0.027898 0.029988
0 0.319276 0.568113 0.019802 0.032143
0 0.242219 0.571939 0.041327 0.055102
0 0.196158 0.568113 0.052519 0.071939
0 0.044183 0.574228 0.085236 0.111735
0 0.293865 0.567340 0.035300 0.045918
0 0.372774 0.569547 0.016958 0.025843
0 0.531853 0.577653 0.027551 0.036735
0 0.560853 0.577112 0.034985 0.056185
0 0.582526 0.589545 0.043297 0.083359
0 0.659933 0.596939 0.136033 0.159184
0 0.785867 0.671981 0.212660 0.209694
0 0.921258 0.755441 0.154114 0.370408
0 0.467868 0.553792 0.034204 0.062601
0 0.440434 0.570552 0.027551 0.053571
0 0.406856 0.579736 0.061990 0.087245
0 0.122946 0.573818 0.092128 0.088812
