0 0.326364 0.326804 0.047315 0.035052
0 0.259200 0.329814 0.054482 0.041404
0 0.219781 0.331959 0.026675 0.057732
0 0.196585 0.330928 0.031314 0.059794
0 0.156572 0.338144 0.064948 0.070103
0 0.104381 0.345361 0.060309 0.068041
0 0.049291 0.346392 0.098582 0.094845
0 0.370221 0.327566 0.015744 0.023068
0 0.393750 0.337113 0.031314 0.039175
0 0.527706 0.353608 0.044072 0.063918
0 0.569459 0.371134 0.067268 0.074227
0 0.715593 0.391753 0.141495 0.156701
0 0.864510 0.440206 0.266753 0.220619
0 0.479455 0.347174 0.048659 0.046136
0 0.443772 0.334487 0.024005 0.023068
