0 0.928992 0.594416 0.138423 0.287677
0 0.772048 0.520764 0.253450 0.240886
0 0.644835 0.478306 0.104304 0.131707
0 0.592196 0.464442 0.061413 0.097048
0 0.572212 0.432381 0.048740 0.053723
1 0.549304 0.388190 0.069211 0.076252
1 0.507875 0.392523 0.013647 0.043325
0 0.411369 0.578819 0.473757 0.637741
0 0.058001 0.632542 0.116002 0.360462
0 0.193987 0.541560 0.208609 0.223556
0 0.296829 0.416785 0.090657 0.039859
0 0.365553 0.413319 0.038992 0.022529
2 0.130137 0.384724 0.260274 0.311939
0 0.438176 0.402921 0.102355 0.029461
