0 0.243491 0.498003 0.098676 0.115932
0 0.309561 0.478173 0.062638 0.067119
0 0.666939 0.458342 0.082373 0.097627
0 0.623608 0.456054 0.016303 0.038136
0 0.584567 0.464444 0.060064 0.070169
0 0.542951 0.461393 0.040328 0.051864
0 0.517210 0.457579 0.024883 0.044237
0 0.459291 0.436986 0.013729 0.033559
0 0.446420 0.438512 0.010297 0.021356
0 0.430975 0.440037 0.013729 0.015254
0 0.415102 0.449190 0.019735 0.024407
0 0.395795 0.449952 0.018877 0.019831
0 0.375202 0.459105 0.022309 0.032034
0 0.350319 0.470545 0.032606 0.039661
1 0.487178 0.431647 0.038612 0.077797
