0 0.400378 0.395222 0.100245 0.072479
0 0.539069 0.361675 0.017547 0.025995
0 0.554445 0.379725 0.024904 0.038420
0 0.585224 0.388424 0.035771 0.083409
0 0.609255 0.390283 0.048740 0.121335
0 0.650197 0.404134 0.062388 0.155969
0 0.744266 0.420597 0.184239 0.240886
0 0.062294 0.469271 0.124588 0.147004
0 0.893830 0.503066 0.210695 0.401594
0 0.475737 0.371291 0.019435 0.024431
0 0.174596 0.435622 0.103464 0.091968
0 0.243572 0.427192 0.062078 0.072042
0 0.304357 0.417995 0.073287 0.065910
0 0.566466 0.384273 0.030177 0.053648
0 0.516458 0.324494 0.007760 0.010730
