0 0.909467 0.456302 0.181019 0.225810
0 0.205884 0.464888 0.082273 0.107011
0 0.546484 0.404098 0.034145 0.048561
0 0.684872 0.414702 0.048689 0.055201
0 0.287113 0.448651 0.045697 0.065910
0 0.340898 0.433018 0.027386 0.048127
0 0.360055 0.433235 0.021853 0.048561
0 0.383956 0.423523 0.034145 0.048561
0 0.415369 0.418667 0.031413 0.033993
0 0.435173 0.416239 0.016389 0.029137
0 0.460153 0.407028 0.044497 0.037846
0 0.657795 0.404098 0.027316 0.048561
0 0.638674 0.399242 0.021853 0.048561
0 0.620919 0.398028 0.019121 0.031565
0 0.525997 0.393172 0.012292 0.016996
