0 0.331130 0.326580 0.014041 0.024961
0 0.315919 0.326580 0.016381 0.020801
0 0.298953 0.325540 0.015211 0.027042
0 0.288422 0.325540 0.015211 0.035362
0 0.277892 0.325540 0.022231 0.039522
0 0.255660 0.330740 0.031592 0.045763
0 0.239279 0.329700 0.012871 0.035362
1 0.207102 0.334900 0.060844 0.074884
0 0.149184 0.368182 0.059674 0.074884
0 0.388463 0.320339 0.014041 0.033282
0 0.398994 0.316179 0.011701 0.029122
0 0.406599 0.318259 0.015211 0.029122
0 0.417130 0.320339 0.017551 0.045763
0 0.432926 0.320339 0.025742 0.045763
0 0.458082 0.324499 0.043293 0.062404
0 0.362722 0.335940 0.058504 0.097766
2 0.065305 0.355553 0.130609 0.476349
