0 0.432684 0.506161 0.026392 0.046919
0 0.469873 0.506161 0.023993 0.042654
0 0.505262 0.521090 0.044387 0.068246
0 0.388434 0.517543 0.048259 0.041217
0 0.349909 0.521090 0.047986 0.068246
0 0.307321 0.556279 0.070779 0.108768
0 0.215548 0.585071 0.153554 0.170616
0 0.032197 0.742890 0.064393 0.264455
0 0.580749 0.512012 0.094955 0.060810
0 0.767984 0.530687 0.104369 0.130095
0 0.869954 0.562677 0.094772 0.147156
0 0.669614 0.530687 0.104369 0.125829
0 0.959870 0.636255 0.080261 0.290047
0 0.452194 0.501745 0.010915 0.038809
