0 0.524218 0.352851 0.009484 0.015328
0 0.418718 0.341327 0.024107 0.030612
0 0.393320 0.346684 0.024968 0.029082
0 0.546451 0.358561 0.026359 0.032879
0 0.552312 0.405612 0.043909 0.064286
0 0.613010 0.381888 0.015497 0.022959
0 0.625495 0.385714 0.019802 0.024490
0 0.642714 0.407908 0.030134 0.044388
0 0.671987 0.417857 0.033578 0.059694
0 0.698677 0.420919 0.050797 0.065816
0 0.728811 0.436225 0.073182 0.071939
0 0.815769 0.453317 0.117953 0.108674
0 0.598852 0.427918 0.068878 0.094898
0 0.488957 0.356257 0.028631 0.046664
0 0.603541 0.375843 0.018106 0.021459
0 0.581555 0.368945 0.039661 0.035254
