0 0.930897 0.828850 0.135658 0.338193
0 0.747680 0.649358 0.318095 0.328491
0 0.582005 0.582135 0.150472 0.202361
0 0.503261 0.580056 0.039762 0.117813
0 0.475194 0.577284 0.036643 0.073460
0 0.047558 0.608470 0.091998 0.146920
0 0.076795 0.596689 0.147353 0.137218
0 0.103423 0.570281 0.132000 0.095490
0 0.111861 0.580097 0.109950 0.112644
0 0.351620 0.602233 0.112269 0.145534
0 0.401907 0.557880 0.017932 0.031879
0 0.438161 0.555801 0.035864 0.041581
0 0.149161 0.572042 0.111224 0.098099
0 0.201324 0.578173 0.094842 0.076640
0 0.199168 0.567443 0.114673 0.070509
1 0.267713 0.562845 0.082771 0.067443
