0 0.375057 0.496934 0.012933 0.018394
0 0.391008 0.497701 0.020693 0.032189
0 0.408105 0.499670 0.030088 0.058585
0 0.446702 0.527566 0.057604 0.067491
0 0.543503 0.560378 0.100295 0.132453
0 0.686065 0.611321 0.227813 0.249623
0 0.239963 0.497701 0.034808 0.035254
0 0.218261 0.499246 0.028656 0.050943
0 0.181725 0.504340 0.064475 0.061132
0 0.086445 0.512406 0.051580 0.104434
0 0.033432 0.523444 0.065908 0.109528
0 0.870178 0.733586 0.255036 0.397359
0 0.279871 0.497123 0.040118 0.053491
0 0.347098 0.497972 0.034613 0.053491
