0 0.282822 0.343347 0.025113 0.057402
0 0.254122 0.343347 0.037072 0.074409
0 0.344529 0.330591 0.017938 0.023386
0 0.357923 0.318100 0.016025 0.022854
0 0.531084 0.350787 0.020330 0.038268
0 0.556198 0.348662 0.034680 0.055276
0 0.558709 0.358228 0.021526 0.053150
0 0.583224 0.362480 0.032288 0.061654
0 0.628069 0.365669 0.076535 0.093543
0 0.484326 0.375236 0.074144 0.097795
0 0.200706 0.378602 0.133538 0.133583
0 0.372512 0.328996 0.034680 0.048898
0 0.394636 0.321555 0.016742 0.038268
0 0.437687 0.317303 0.016742 0.021260
0 0.458615 0.317303 0.015546 0.017008
0 0.477749 0.317303 0.020330 0.017008
0 0.439481 0.311457 0.022721 0.023386
0 0.931779 0.474449 0.132741 0.520866
0 0.305145 0.333071 0.013155 0.042520
