0 0.505442 0.495833 0.018491 0.029792
0 0.517851 0.501562 0.023203 0.045000
0 0.536308 0.510000 0.024258 0.050625
0 0.552656 0.512812 0.031641 0.056250
0 0.574804 0.514687 0.033750 0.060000
0 0.605411 0.530332 0.070664 0.131250
0 0.690841 0.552832 0.129727 0.165000
0 0.303750 0.514375 0.042187 0.030000
0 0.206497 0.532189 0.065527 0.027590
0 0.147677 0.541582 0.053789 0.045000
0 0.068048 0.542519 0.042187 0.043125
0 0.439298 0.491894 0.023203 0.031875
0 0.857343 0.605176 0.282656 0.316875
0 0.939609 0.672676 0.116016 0.286875
