0 0.680018 0.495070 0.073714 0.041602
0 0.805801 0.485709 0.030422 0.039522
0 0.842073 0.481549 0.046803 0.047843
0 0.892386 0.484669 0.053823 0.062404
0 0.488711 0.527312 0.037442 0.064484
1 0.352983 0.509631 0.014041 0.029122
0 0.335432 0.528352 0.014041 0.024961
0 0.310103 0.538920 0.029598 0.029457
0 0.274865 0.542256 0.033932 0.037442
0 0.244752 0.543953 0.026912 0.043683
0 0.125990 0.563714 0.042123 0.079045
0 0.019702 0.568914 0.039405 0.085285
0 0.073922 0.578275 0.101796 0.099846
0 0.189759 0.536672 0.090095 0.108166
0 0.426113 0.555393 0.085415 0.137288
0 0.577052 0.529392 0.054993 0.064484
0 0.952059 0.470108 0.093606 0.108166
0 0.751977 0.490909 0.053823 0.041602
