0 0.045219 0.400565 0.088880 0.080390
0 0.904779 0.436601 0.187895 0.291068
0 0.121235 0.406802 0.063151 0.051283
0 0.164505 0.408188 0.028067 0.048511
0 0.190623 0.408188 0.035084 0.045739
0 0.222589 0.409574 0.038203 0.042967
0 0.424058 0.404498 0.015731 0.026294
0 0.408144 0.399178 0.019491 0.024949
0 0.386349 0.399423 0.019423 0.025437
0 0.357376 0.399464 0.024765 0.033917
0 0.274269 0.406092 0.026680 0.030525
0 0.358637 0.379081 0.009356 0.026335
0 0.364484 0.366607 0.008576 0.026335
0 0.477923 0.378388 0.101354 0.138604
