0 0.539418 0.498618 0.018095 0.028841
0 0.555191 0.488647 0.017755 0.026709
0 0.516643 0.498340 0.016847 0.027177
0 0.503033 0.511374 0.016614 0.024404
0 0.459924 0.549641 0.084357 0.126450
0 0.315996 0.583468 0.033779 0.041024
0 0.276284 0.600338 0.030839 0.046133
0 0.249717 0.612839 0.037800 0.045412
0 0.227279 0.623133 0.034006 0.046035
0 0.194295 0.629607 0.034802 0.046399
0 0.147155 0.648924 0.067590 0.074321
0 0.082051 0.674992 0.069884 0.070993
0 0.026633 0.701648 0.053266 0.076607
0 0.600603 0.475293 0.025950 0.033993
