0 0.117276 0.618567 0.234553 0.422051
0 0.838892 0.598251 0.319420 0.413265
0 0.286211 0.560532 0.141199 0.200510
0 0.361115 0.528389 0.074043 0.151531
0 0.401150 0.524563 0.040466 0.097959
0 0.430854 0.516145 0.034439 0.087245
0 0.464432 0.510787 0.029273 0.042857
0 0.489830 0.506961 0.021524 0.029082
0 0.534601 0.507726 0.016358 0.024490
0 0.551820 0.512318 0.018080 0.036735
0 0.575497 0.519971 0.029273 0.052041
0 0.600772 0.531888 0.024968 0.081122
0 0.626171 0.541837 0.034439 0.110204
0 0.679982 0.541837 0.080070 0.159184
0 0.515229 0.505212 0.020663 0.035204
