0 0.150081 0.376223 0.046639 0.054012
0 0.100453 0.376931 0.052618 0.055429
0 0.043664 0.385959 0.072918 0.053259
0 0.009670 0.376274 0.019340 0.058160
2 0.194527 0.363544 0.046242 0.062362
1 0.623246 0.355628 0.027505 0.037092
0 0.648558 0.366378 0.023917 0.029764
0 0.684887 0.365655 0.034173 0.045326
0 0.712738 0.377869 0.019340 0.026292
0 0.739473 0.382992 0.034130 0.040315
0 0.784600 0.391015 0.028820 0.039101
0 0.812193 0.389410 0.027505 0.044646
0 0.823470 0.389329 0.064846 0.051911
0 0.888243 0.392363 0.071526 0.070113
0 0.945768 0.408995 0.084184 0.077758
0 0.450964 0.378144 0.047631 0.068887
0 0.554319 0.371895 0.024463 0.040936
0 0.517185 0.368965 0.019586 0.029268
0 0.535379 0.356182 0.016684 0.029215
0 0.415335 0.365060 0.013079 0.022247
0 0.599985 0.362109 0.014502 0.021094
0 0.766230 0.384375 0.018457 0.037500
0 0.226866 0.372704 0.019802 0.035204
0 0.330537 0.368550 0.016406 0.014396
