0 0.440513 0.625078 0.010547 0.025781
0 0.427329 0.628593 0.021094 0.037500
0 0.413487 0.636796 0.019775 0.030469
0 0.395689 0.639140 0.026367 0.053906
0 0.376573 0.662578 0.030322 0.072656
0 0.350865 0.661406 0.042187 0.093750
0 0.269126 0.660234 0.139746 0.189844
0 0.558336 0.646186 0.035256 0.063251
0 0.595420 0.660454 0.077783 0.109716
0 0.693698 0.689575 0.165993 0.163974
0 0.500498 0.628593 0.011865 0.028125
0 0.521440 0.643314 0.033263 0.034129
0 0.466221 0.620390 0.032959 0.039844
0 0.116197 0.707109 0.232031 0.414843
0 0.865684 0.749128 0.267627 0.372319
