0 0.448585 0.526460 0.017439 0.022130
0 0.435353 0.531321 0.015546 0.025512
0 0.416759 0.530433 0.022721 0.031890
0 0.397281 0.533301 0.031599 0.050380
0 0.372776 0.540668 0.039990 0.056611
0 0.349450 0.551035 0.031607 0.060337
0 0.508841 0.524055 0.013155 0.023386
0 0.515418 0.531496 0.014350 0.029764
0 0.529171 0.536811 0.015546 0.031890
0 0.544605 0.536605 0.028500 0.061242
0 0.562057 0.540000 0.038268 0.063780
0 0.568655 0.555945 0.027463 0.065906
0 0.585920 0.551693 0.031201 0.095669
0 0.640984 0.553819 0.117195 0.172205
0 0.697788 0.606019 0.113607 0.157096
0 0.306740 0.566440 0.069360 0.076805
0 0.851457 0.653288 0.292987 0.352008
