0 0.382299 0.433649 0.016795 0.025592
0 0.368503 0.432583 0.017995 0.027725
0 0.357106 0.441113 0.023993 0.036256
0 0.340911 0.440047 0.022793 0.029858
0 0.315719 0.442180 0.037189 0.055450
0 0.289327 0.448578 0.037189 0.063981
0 0.264734 0.459241 0.047986 0.055450
0 0.208950 0.461522 0.087574 0.093543
0 0.096461 0.536019 0.192922 0.238862
0 0.473472 0.443246 0.021594 0.031991
0 0.493866 0.438981 0.019194 0.031991
0 0.508262 0.444312 0.028791 0.042654
0 0.429085 0.496253 0.095972 0.150800
0 0.613640 0.498528 0.114786 0.130432
