0 0.544430 0.363928 0.014622 0.027728
0 0.388461 0.355263 0.016572 0.024262
0 0.419167 0.357863 0.013647 0.015597
0 0.432327 0.359596 0.010723 0.015597
0 0.432815 0.356996 0.011698 0.020796
0 0.363760 0.354397 0.035093 0.046791
0 0.443050 0.360023 0.008773 0.016451
0 0.456421 0.358793 0.011276 0.020923
0 0.521425 0.361699 0.020471 0.030202
0 0.563791 0.365808 0.025269 0.028021
0 0.605469 0.376800 0.040389 0.031190
0 0.473612 0.363565 0.017547 0.025995
0 0.405910 0.355263 0.015597 0.024262
0 0.506315 0.361329 0.009748 0.025995
