0 0.452074 0.831753 0.024258 0.055617
0 0.423206 0.838704 0.016398 0.060548
0 0.407438 0.838704 0.022706 0.056063
0 0.368965 0.838704 0.066855 0.087458
0 0.268855 0.852383 0.104057 0.154285
0 0.119204 0.880025 0.238408 0.239950
0 0.576469 0.849916 0.011353 0.042608
0 0.585299 0.851038 0.011353 0.049336
0 0.604220 0.852159 0.034058 0.069518
0 0.611224 0.860008 0.027883 0.080731
0 0.641474 0.870269 0.048018 0.100573
0 0.679688 0.875403 0.079035 0.116004
0 0.718303 0.901494 0.093615 0.148007
0 0.827912 0.918313 0.163985 0.159219
0 0.936394 0.922798 0.126142 0.150249
0 0.517182 0.877312 0.118573 0.207584
0 0.189965 0.888816 0.094378 0.147993
