0 0.127451 0.484052 0.065537 0.069050
0 0.052912 0.503443 0.078132 0.087912
0 0.289447 0.467476 0.038935 0.065557
0 0.433432 0.461660 0.071699 0.092944
0 0.489890 0.463296 0.017802 0.019341
0 0.474725 0.459780 0.009890 0.019341
0 0.504890 0.460659 0.008901 0.017582
0 0.514514 0.461361 0.008368 0.009145
0 0.530604 0.456460 0.006923 0.008398
0 0.566208 0.451868 0.006923 0.014066
0 0.578077 0.450110 0.008901 0.010549
0 0.600329 0.450813 0.025714 0.045714
0 0.658834 0.442605 0.094639 0.116859
0 0.739780 0.438681 0.065275 0.084396
0 0.885769 0.503993 0.228461 0.610623
