0 0.304783 0.538776 0.009471 0.013776
0 0.294452 0.538776 0.011193 0.013776
0 0.275510 0.537245 0.023246 0.032143
0 0.224948 0.550416 0.016829 0.021751
0 0.207494 0.547194 0.021524 0.036735
0 0.191135 0.551786 0.019802 0.036735
0 0.170472 0.554847 0.026690 0.045918
0 0.138401 0.554163 0.047784 0.053409
0 0.073357 0.562320 0.055451 0.070047
0 0.028412 0.575914 0.056824 0.068070
0 0.557364 0.536480 0.090177 0.114796
0 0.326032 0.535291 0.022484 0.034521
0 0.354192 0.534184 0.026648 0.039796
0 0.389198 0.529955 0.022775 0.041598
0 0.423167 0.528444 0.024107 0.034439
0 0.442538 0.531123 0.026690 0.044388
0 0.472952 0.528274 0.039906 0.071514
0 0.496836 0.530436 0.055851 0.082495
