0 0.119459 0.370103 0.016237 0.030928
0 0.011598 0.365979 0.018557 0.030928
0 0.035374 0.364949 0.026675 0.032990
0 0.142733 0.382074 0.039590 0.049485
0 0.088617 0.377424 0.026889 0.012163
0 0.455968 0.430971 0.043733 0.041323
0 0.566022 0.408318 0.020791 0.013734
0 0.597294 0.420619 0.034794 0.032990
0 0.585316 0.435052 0.038673 0.041237
0 0.682539 0.414433 0.017397 0.024742
0 0.700516 0.414433 0.018557 0.024742
0 0.716753 0.413402 0.009278 0.030928
0 0.739839 0.414894 0.009497 0.027943
0 0.764884 0.423711 0.031314 0.047423
0 0.780541 0.422680 0.011598 0.024742
0 0.792719 0.423711 0.012758 0.026804
0 0.826933 0.438144 0.018557 0.035052
0 0.279510 0.495189 0.266753 0.195876
0 0.965206 0.537196 0.069588 0.210309
