0 0.486551 0.466917 0.022421 0.020796
0 0.465105 0.459986 0.016572 0.031194
0 0.454870 0.457386 0.021446 0.036393
0 0.442685 0.451321 0.020471 0.045058
0 0.426600 0.449588 0.027295 0.055456
0 0.405154 0.453920 0.019496 0.053723
0 0.387460 0.452437 0.036747 0.061154
0 0.361892 0.460220 0.029160 0.066323
0 0.315960 0.464318 0.065312 0.091849
0 0.244747 0.471907 0.090900 0.120890
0 0.119048 0.498111 0.174491 0.190629
0 0.579645 0.466917 0.011698 0.024262
0 0.592805 0.461718 0.016572 0.034660
0 0.695160 0.458253 0.039967 0.090116
0 0.733903 0.468650 0.069710 0.124775
0 0.811566 0.490313 0.144996 0.164634
0 0.914481 0.552570 0.171038 0.229208
0 0.639944 0.466299 0.089682 0.136906
