0 0.460406 0.557725 0.015024 0.046133
0 0.446065 0.549227 0.024584 0.058273
0 0.322052 0.544371 0.021853 0.048561
0 0.531350 0.554586 0.030472 0.078704
0 0.658991 0.540729 0.012292 0.021853
0 0.646016 0.549227 0.013658 0.019424
0 0.742638 0.554526 0.017086 0.044591
0 0.755961 0.548013 0.025950 0.036421
0 0.790789 0.544371 0.057363 0.058273
0 0.854677 0.561014 0.094531 0.115919
0 0.943262 0.585651 0.111343 0.132093
0 0.585879 0.549987 0.115902 0.206322
0 0.385105 0.575399 0.131569 0.154383
0 0.247205 0.547421 0.131119 0.117304
0 0.128163 0.582779 0.141600 0.105774
0 0.681238 0.546291 0.014346 0.018703
