0 0.090423 0.387859 0.016716 0.017573
0 0.034082 0.390650 0.022721 0.036142
0 0.054663 0.388557 0.019423 0.023453
0 0.071752 0.390650 0.016742 0.031890
0 0.149261 0.396234 0.055454 0.058988
0 0.398032 0.394165 0.023917 0.030404
0 0.499937 0.392838 0.014220 0.036267
0 0.508243 0.397028 0.014350 0.031890
0 0.529201 0.401408 0.037133 0.052893
0 0.570798 0.411615 0.062155 0.083502
0 0.630146 0.447257 0.107477 0.119593
0 0.474662 0.399548 0.028598 0.050159
0 0.360102 0.401408 0.029967 0.040943
0 0.820962 0.532986 0.318100 0.322296
0 0.380774 0.404861 0.015261 0.031077
