0 0.175490 0.507408 0.167535 0.177651
0 0.311520 0.430607 0.063254 0.086834
0 0.432201 0.479873 0.129709 0.186337
0 0.017932 0.451155 0.035864 0.062372
0 0.047421 0.452348 0.064268 0.057213
0 0.382026 0.422048 0.054575 0.112269
0 0.478313 0.398485 0.039762 0.067916
0 0.548644 0.398417 0.068155 0.043104
0 0.512424 0.403337 0.022995 0.036037
0 0.596429 0.397945 0.015593 0.030115
0 0.705412 0.389476 0.130193 0.091478
0 0.882729 0.354946 0.058912 0.073171
1 0.154916 0.401889 0.027288 0.026179
1 0.236622 0.399393 0.014813 0.040043
0 0.988126 0.349764 0.022616 0.062806
