0 0.500777 0.544674 0.017413 0.019678
0 0.478270 0.540284 0.011996 0.029858
0 0.468073 0.546682 0.020394 0.029858
0 0.450882 0.556979 0.031535 0.027227
0 0.401118 0.563755 0.035727 0.051917
0 0.376888 0.570491 0.032365 0.073211
0 0.334241 0.579284 0.076921 0.092998
0 0.232803 0.599274 0.111287 0.135586
0 0.129554 0.630474 0.144717 0.173649
0 0.041434 0.636255 0.082867 0.230332
0 0.527907 0.542699 0.013494 0.021891
0 0.536075 0.545064 0.014396 0.029858
0 0.545938 0.550385 0.015821 0.031724
0 0.553425 0.554079 0.020040 0.032158
0 0.565405 0.556904 0.018578 0.046499
0 0.574855 0.559015 0.020367 0.058790
0 0.585353 0.562512 0.028163 0.070048
0 0.599016 0.567985 0.029578 0.077354
0 0.641917 0.576459 0.101201 0.127330
