0 0.546806 0.609530 0.016782 0.022376
0 0.491766 0.612008 0.015783 0.022394
0 0.420884 0.613558 0.029368 0.029834
0 0.585963 0.610773 0.016782 0.024862
0 0.600647 0.619475 0.020977 0.037293
0 0.620226 0.626934 0.023774 0.047238
0 0.404860 0.616575 0.018180 0.034807
0 0.562659 0.613747 0.021436 0.036413
0 0.520934 0.612017 0.032165 0.057182
0 0.469018 0.611283 0.032509 0.055715
0 0.267374 0.643758 0.075944 0.076313
1 0.640504 0.597928 0.027970 0.111878
1 0.682573 0.600490 0.086934 0.131919
1 0.371996 0.601657 0.047548 0.079558
0 0.124106 0.746409 0.248212 0.507182
