0 0.383558 0.756077 0.024427 0.033675
0 0.356005 0.758703 0.019095 0.024956
0 0.165717 0.769448 0.046791 0.048524
0 0.123801 0.774647 0.037043 0.038126
0 0.085296 0.781579 0.043866 0.048524
0 0.557848 0.750124 0.022571 0.031718
0 0.479605 0.757317 0.019496 0.020796
0 0.513236 0.757317 0.049715 0.072786
0 0.594633 0.753851 0.021446 0.024262
0 0.789417 0.769838 0.059392 0.071008
0 0.857666 0.772925 0.100029 0.082123
0 0.922168 0.784179 0.037043 0.064121
0 0.964085 0.783312 0.068237 0.076252
0 0.680416 0.747974 0.031194 0.028403
0 0.708685 0.749519 0.027295 0.032927
