0 0.103958 0.278339 0.016568 0.011446
0 0.057530 0.261797 0.019775 0.021094
0 0.239463 0.301640 0.038232 0.025781
0 0.680454 0.388359 0.015820 0.021094
0 0.662534 0.395385 0.014747 0.011729
0 0.632011 0.394375 0.014070 0.011625
0 0.580918 0.408281 0.027686 0.018750
0 0.534776 0.421172 0.017139 0.025781
0 0.513682 0.424687 0.019775 0.032812
0 0.357000 0.435234 0.022819 0.039844
1 0.650628 0.389396 0.022738 0.023707
0 0.700060 0.392990 0.023391 0.016520
0 0.781420 0.409338 0.014279 0.016636
0 0.670127 0.455533 0.015381 0.017995
0 0.468858 0.435234 0.025049 0.035156
0 0.440145 0.442358 0.029740 0.044347
0 0.530821 0.459843 0.043506 0.065625
0 0.325157 0.442854 0.051416 0.060937
0 0.186564 0.442875 0.124913 0.122999
