0 0.101036 0.399400 0.059326 0.059949
0 0.313951 0.421172 0.021094 0.044531
0 0.293515 0.419544 0.030320 0.066537
0 0.261755 0.446651 0.053812 0.086114
0 0.186070 0.439922 0.131836 0.232031
0 0.386405 0.418901 0.022341 0.035011
0 0.413633 0.428481 0.034908 0.067412
0 0.418192 0.438961 0.023547 0.065202
0 0.446966 0.444285 0.052237 0.116120
0 0.449240 0.450215 0.048406 0.105915
0 0.512085 0.461717 0.120528 0.158435
0 0.346250 0.446953 0.069873 0.100781
0 0.651755 0.515321 0.239332 0.225896
0 0.095672 0.574687 0.191343 0.398437
0 0.960449 0.771777 0.079102 0.328125
