0 0.113078 0.558023 0.226155 0.384724
0 0.267585 0.502568 0.127700 0.149037
0 0.347032 0.493903 0.050690 0.076252
0 0.378591 0.487566 0.028025 0.057731
0 0.401478 0.476044 0.021731 0.029023
0 0.419121 0.468965 0.019589 0.027607
0 0.442973 0.464842 0.010751 0.016530
0 0.657652 0.517140 0.143586 0.151087
0 0.581860 0.502755 0.076236 0.097423
0 0.545892 0.494769 0.025345 0.071053
0 0.529808 0.477607 0.038018 0.053386
0 0.505925 0.473973 0.019496 0.043325
0 0.488365 0.469319 0.018714 0.035394
0 0.476194 0.467908 0.010723 0.027728
0 0.468632 0.464647 0.011196 0.020386
0 0.459384 0.466416 0.005349 0.016847
