0 0.426850 0.403614 0.043380 0.033370
0 0.402543 0.411369 0.023602 0.025365
0 0.555241 0.380551 0.010763 0.012756
0 0.546479 0.377817 0.012373 0.020042
0 0.535686 0.386052 0.014705 0.023757
0 0.525942 0.387992 0.014350 0.023386
0 0.515179 0.385866 0.014350 0.027638
0 0.592313 0.379488 0.010763 0.019134
0 0.600086 0.387992 0.011959 0.023386
0 0.609658 0.397949 0.016732 0.026292
0 0.622057 0.405250 0.025418 0.061154
0 0.668848 0.397559 0.080123 0.123307
0 0.719634 0.429449 0.090962 0.174331
0 0.864395 0.452835 0.269503 0.350787
0 0.264286 0.463819 0.176988 0.155197
0 0.501974 0.397028 0.031595 0.041458
