0 0.581576 0.512878 0.011471 0.016314
0 0.593620 0.514917 0.012618 0.020393
0 0.608532 0.517976 0.017206 0.022432
0 0.622297 0.516956 0.012618 0.020393
0 0.636063 0.518995 0.012618 0.024471
0 0.528097 0.516616 0.024575 0.040785
0 0.499176 0.512878 0.047031 0.063218
0 0.464190 0.524094 0.041295 0.065257
0 0.449278 0.531231 0.032119 0.067296
0 0.412571 0.526133 0.073414 0.101964
0 0.346667 0.538756 0.091137 0.105368
0 0.255228 0.547545 0.138798 0.140710
0 0.102768 0.577823 0.205536 0.208006
0 0.660725 0.496054 0.039001 0.122356
0 0.716169 0.510846 0.091001 0.166186
0 0.756688 0.551348 0.080302 0.160490
0 0.879246 0.565316 0.237448 0.303852
0 0.558544 0.506696 0.018117 0.032628
