0 0.343623 0.482589 0.014041 0.016641
0 0.354252 0.487789 0.011503 0.018721
0 0.369870 0.490677 0.017710 0.024497
0 0.384575 0.496110 0.016381 0.035362
0 0.398616 0.495070 0.011701 0.049923
0 0.412072 0.495070 0.017551 0.062404
0 0.430825 0.499230 0.045633 0.083205
0 0.468356 0.507278 0.085657 0.100391
0 0.523810 0.517132 0.073388 0.104006
0 0.553551 0.536672 0.108817 0.141448
0 0.631151 0.558593 0.147353 0.193611
0 0.316711 0.485709 0.011701 0.018721
0 0.303255 0.487789 0.017551 0.027042
0 0.288629 0.482589 0.016381 0.049923
0 0.266398 0.487789 0.030422 0.068644
0 0.220600 0.498470 0.046472 0.131609
0 0.149789 0.492291 0.137273 0.205249
0 0.073947 0.547073 0.147895 0.228814
0 0.842729 0.529466 0.312267 0.363873
0 0.329745 0.492990 0.028409 0.037442
0 0.242130 0.494499 0.038301 0.100450
