0 0.632163 0.509500 0.016572 0.041592
0 0.644348 0.516432 0.021446 0.058922
0 0.670180 0.526829 0.049715 0.072786
0 0.703728 0.527084 0.037043 0.088383
0 0.163445 0.553691 0.326889 0.299808
1 0.334928 0.471271 0.178226 0.149244
0 0.309702 0.498117 0.107017 0.101468
0 0.433745 0.503134 0.025434 0.033278
0 0.464347 0.499160 0.031966 0.032726
0 0.484967 0.495636 0.014622 0.031194
0 0.509825 0.497369 0.037043 0.038126
0 0.537607 0.493903 0.018521 0.045058
0 0.589271 0.534628 0.090657 0.123042
0 0.977100 0.691829 0.043456 0.126835
0 0.922295 0.616881 0.154364 0.221385
0 0.865219 0.573065 0.154364 0.147590
0 0.786739 0.585749 0.049293 0.059959
0 0.846734 0.536744 0.234141 0.116458
0 0.734852 0.547121 0.046698 0.100315
