0 0.032103 0.375371 0.064206 0.121645
0 0.081863 0.361756 0.106032 0.094250
0 0.147743 0.351360 0.075626 0.079004
0 0.194522 0.339579 0.066270 0.077618
0 0.233894 0.340965 0.035864 0.052669
0 0.254944 0.337500 0.023389 0.045739
0 0.267716 0.329702 0.028663 0.050247
0 0.301703 0.327838 0.020310 0.029188
0 0.360176 0.339977 0.035706 0.050996
0 0.465811 0.379990 0.083368 0.113553
0 0.443228 0.357597 0.049118 0.088706
0 0.428415 0.338193 0.042881 0.066530
0 0.409448 0.338973 0.021562 0.057002
0 0.390710 0.329620 0.012258 0.018636
0 0.311858 0.322946 0.014034 0.024949
0 0.321722 0.321124 0.009900 0.020278
0 0.327746 0.319557 0.008190 0.020639
0 0.341095 0.313937 0.005458 0.015246
0 0.354739 0.310472 0.006237 0.011088
0 0.380185 0.310577 0.008792 0.011298
