0 0.055543 0.440513 0.111085 0.226127
0 0.175334 0.412670 0.105541 0.134644
0 0.277043 0.438073 0.210384 0.224599
0 0.378673 0.394502 0.026675 0.090722
0 0.397229 0.391409 0.012758 0.059794
0 0.411727 0.389347 0.023196 0.051546
0 0.429704 0.385567 0.012758 0.037113
0 0.454639 0.387629 0.041753 0.049485
0 0.488679 0.385709 0.019009 0.028514
0 0.511469 0.389003 0.016237 0.032990
0 0.535014 0.391015 0.015445 0.045462
0 0.540506 0.389054 0.022036 0.070103
0 0.574586 0.393900 0.066292 0.109796
0 0.607117 0.415808 0.073137 0.152577
0 0.876902 0.560140 0.246195 0.531025
0 0.757023 0.441777 0.275635 0.326326
0 0.578973 0.405774 0.036830 0.091878
0 0.522242 0.397854 0.010099 0.035906
