0 0.207017 0.470716 0.066331 0.089316
0 0.128618 0.490072 0.112942 0.106106
0 0.031023 0.515374 0.062046 0.120798
0 0.349604 0.445810 0.075295 0.060399
0 0.841743 0.588100 0.315074 0.295466
0 0.649188 0.485641 0.134061 0.177932
0 0.578943 0.458706 0.063358 0.101209
0 0.550478 0.453809 0.037647 0.065296
0 0.532573 0.445647 0.029383 0.048972
0 0.505354 0.443082 0.037647 0.052237
0 0.485612 0.435736 0.020201 0.037545
0 0.469084 0.436552 0.012855 0.019589
0 0.459442 0.432471 0.008264 0.014692
0 0.277371 0.447979 0.070704 0.062031
