0 0.042004 0.439257 0.084008 0.281124
0 0.156087 0.441453 0.102154 0.151543
0 0.223643 0.444140 0.032959 0.082031
0 0.256574 0.449283 0.032903 0.052997
0 0.279272 0.450053 0.009744 0.032574
0 0.407910 0.440625 0.017745 0.056250
0 0.437426 0.443100 0.048362 0.075772
0 0.468406 0.462595 0.051416 0.082031
0 0.576963 0.466467 0.162158 0.168628
0 0.612322 0.475982 0.096715 0.126161
0 0.820859 0.495703 0.354638 0.400781
0 0.329112 0.426562 0.043506 0.037500
0 0.364048 0.426562 0.026367 0.037500
0 0.631675 0.492187 0.094922 0.131250
