0 0.366134 0.488020 0.010820 0.020641
0 0.325544 0.493474 0.018877 0.035085
0 0.310557 0.500406 0.019965 0.044525
0 0.296800 0.502576 0.016303 0.041186
0 0.285216 0.510254 0.017161 0.047288
0 0.265486 0.514138 0.030880 0.066979
0 0.209708 0.508729 0.092669 0.126610
0 0.147958 0.556271 0.104656 0.103729
0 0.556484 0.519115 0.092880 0.111789
0 0.348369 0.494015 0.029174 0.037054
0 0.506934 0.503133 0.035247 0.083303
0 0.494287 0.502027 0.024051 0.061924
0 0.486200 0.494655 0.024466 0.060450
0 0.474382 0.490232 0.022392 0.051603
0 0.472102 0.482491 0.031930 0.053815
0 0.453027 0.485809 0.017001 0.041283
