0 0.468936 0.290375 0.013085 0.018110
0 0.462853 0.301879 0.017446 0.027751
0 0.451543 0.318574 0.022956 0.031016
0 0.344264 0.360645 0.063665 0.099577
0 0.277983 0.372953 0.114441 0.129750
0 0.156888 0.435970 0.145005 0.221522
0 0.604969 0.336113 0.047294 0.104333
0 0.624674 0.348161 0.045603 0.122220
0 0.735612 0.332050 0.211414 0.260931
0 0.482896 0.291504 0.009749 0.011568
0 0.432384 0.331102 0.024732 0.029023
0 0.497527 0.284247 0.013773 0.013475
0 0.043845 0.480744 0.087691 0.187727
0 0.878477 0.442382 0.242029 0.342805
0 0.546955 0.337209 0.027656 0.029415
0 0.545419 0.318089 0.022692 0.023112
0 0.524972 0.303381 0.019146 0.029836
0 0.516818 0.288253 0.016073 0.021431
