0 0.516161 0.532391 0.018521 0.027003
0 0.532423 0.523414 0.011342 0.020695
0 0.545862 0.529897 0.013538 0.021080
0 0.565389 0.533761 0.027295 0.034660
0 0.589975 0.544223 0.019655 0.046007
0 0.612179 0.537227 0.038992 0.069320
0 0.646298 0.552824 0.068237 0.100514
0 0.700887 0.565145 0.099430 0.120929
0 0.446462 0.542426 0.050690 0.072786
0 0.414781 0.537227 0.016572 0.048524
0 0.401621 0.541560 0.019496 0.046791
0 0.388461 0.546759 0.028269 0.050257
0 0.363603 0.545026 0.029244 0.064121
0 0.290155 0.567973 0.131899 0.167264
0 0.226643 0.563222 0.049715 0.103980
0 0.138618 0.583364 0.136473 0.135017
1 0.030219 0.599672 0.060438 0.216624
