0 0.120637 0.597129 0.122418 0.108816
0 0.383388 0.560563 0.012876 0.022125
0 0.393849 0.562893 0.007020 0.017857
0 0.410870 0.560052 0.010585 0.017857
0 0.526882 0.565783 0.011034 0.029122
0 0.565837 0.570775 0.008608 0.032305
0 0.625248 0.585227 0.044722 0.061209
0 0.665436 0.582574 0.071680 0.083108
0 0.327696 0.575025 0.020084 0.034005
0 0.350171 0.578426 0.022953 0.034005
0 0.455374 0.557173 0.015302 0.022103
0 0.468341 0.559541 0.015295 0.030241
0 0.774300 0.572295 0.053874 0.063715
0 0.580401 0.583342 0.028535 0.066150
0 0.738574 0.582643 0.013012 0.044641
