0 0.516107 0.559797 0.008761 0.013843
0 0.500713 0.559365 0.010547 0.010020
0 0.578166 0.573957 0.046802 0.069898
0 0.557912 0.568338 0.014801 0.036052
0 0.252725 0.579622 0.018202 0.017318
0 0.220495 0.584844 0.024654 0.034998
0 0.350256 0.568342 0.014038 0.020191
0 0.195093 0.581953 0.021143 0.030469
0 0.172091 0.582461 0.019866 0.031485
0 0.152930 0.585468 0.018457 0.028125
0 0.124849 0.587812 0.013975 0.028125
0 0.073169 0.585239 0.014502 0.014521
0 0.442309 0.553828 0.011865 0.016406
0 0.059985 0.583574 0.011865 0.013164
0 0.279131 0.580424 0.025508 0.029776
0 0.538945 0.555468 0.013184 0.023437
0 0.525761 0.550781 0.010547 0.023437
0 0.040391 0.573515 0.027686 0.039844
