0 0.494783 0.512974 0.012248 0.017932
0 0.486137 0.513615 0.010807 0.019213
0 0.479653 0.516177 0.010807 0.024336
0 0.473168 0.515536 0.009366 0.025617
0 0.466684 0.516177 0.016571 0.032021
0 0.463442 0.525783 0.011528 0.033302
0 0.452635 0.523862 0.015850 0.042268
0 0.398240 0.493122 0.100145 0.170351
0 0.361496 0.548197 0.097263 0.111433
0 0.193631 0.588520 0.279579 0.320694
0 0.063359 0.679209 0.124789 0.368881
0 0.537982 0.517997 0.009064 0.009167
0 0.548998 0.506570 0.012968 0.026898
0 0.579541 0.520950 0.036960 0.052178
0 0.608268 0.532827 0.045727 0.079412
0 0.649364 0.546397 0.089804 0.107897
0 0.882563 0.655792 0.234873 0.348387
0 0.557800 0.510708 0.013479 0.032466
