0 0.320636 0.567113 0.016786 0.013984
0 0.307847 0.565579 0.010391 0.022737
0 0.296656 0.569842 0.023181 0.022737
0 0.343042 0.570502 0.014673 0.018373
0 0.359957 0.569599 0.020290 0.028740
0 0.414094 0.560891 0.035841 0.032113
0 0.407961 0.589737 0.045449 0.065368
0 0.458786 0.599307 0.061171 0.090192
0 0.202169 0.594915 0.064137 0.065919
2 0.111348 0.557763 0.162266 0.166263
0 0.911868 0.617420 0.175056 0.221719
2 0.219860 0.538475 0.049897 0.059600
2 0.256457 0.545242 0.026416 0.037505
0 0.379045 0.572351 0.008943 0.022014
0 0.254531 0.591613 0.040587 0.040970
