0 0.220800 0.464318 0.027272 0.046448
0 0.192398 0.466599 0.053553 0.055698
0 0.138954 0.468224 0.052044 0.072301
0 0.084771 0.466560 0.070761 0.089691
0 0.463584 0.485208 0.014502 0.024272
0 0.480850 0.482612 0.029135 0.052939
0 0.501660 0.490999 0.026360 0.055897
0 0.523978 0.496338 0.029821 0.058261
0 0.620469 0.505547 0.025049 0.082031
0 0.417586 0.476715 0.006133 0.015405
0 0.386279 0.469754 0.010547 0.018750
0 0.377024 0.472371 0.007824 0.013131
0 0.244381 0.467841 0.021094 0.035156
0 0.270441 0.464497 0.033801 0.038088
0 0.290875 0.458174 0.009582 0.014339
0 0.306278 0.457204 0.012346 0.019238
0 0.319701 0.460394 0.011864 0.018779
0 0.338527 0.462856 0.013765 0.018484
0 0.402950 0.481956 0.027303 0.038466
0 0.574986 0.510234 0.089648 0.128906
0 0.734507 0.546562 0.152930 0.126562
0 0.032390 0.475614 0.064781 0.092478
0 0.369921 0.473264 0.009157 0.015292
