0 0.388106 0.165730 0.011955 0.012012
0 0.367915 0.162688 0.013340 0.014229
0 0.418252 0.159262 0.007796 0.012012
0 0.426309 0.156028 0.009356 0.011088
0 0.483780 0.157414 0.011435 0.013860
0 0.447916 0.159262 0.009356 0.010164
0 0.300408 0.175726 0.028802 0.029891
0 0.174213 0.213390 0.057694 0.079586
0 0.035390 0.196880 0.027401 0.023800
0 0.097028 0.202823 0.089399 0.065606
0 0.245908 0.232708 0.108695 0.131504
0 0.341057 0.178799 0.036903 0.050821
0 0.407070 0.166852 0.017840 0.024818
0 0.766596 0.115967 0.022231 0.019761
0 0.787658 0.113367 0.015211 0.016641
0 0.804039 0.114407 0.012871 0.012481
0 0.839141 0.116487 0.032762 0.037442
