0 0.292667 0.446631 0.016172 0.034137
0 0.269006 0.449355 0.030752 0.042611
0 0.256185 0.453367 0.023652 0.043465
0 0.225345 0.466055 0.026876 0.048454
0 0.150105 0.468062 0.036953 0.048846
0 0.365390 0.447383 0.054660 0.103156
0 0.732885 0.519144 0.220748 0.228737
0 0.186589 0.466714 0.052778 0.068841
0 0.242668 0.456738 0.017758 0.046369
0 0.309216 0.444708 0.017481 0.032064
0 0.402756 0.449723 0.011931 0.019732
0 0.416768 0.451449 0.019423 0.035024
0 0.431228 0.457040 0.016649 0.036997
0 0.453426 0.461726 0.038847 0.069061
0 0.501984 0.472579 0.080468 0.104577
