2 0.433798 0.325738 0.023690 0.055776
0 0.434118 0.379237 0.023050 0.030734
0 0.441922 0.405484 0.026651 0.041983
1 0.497186 0.245181 0.114611 0.093954
0 0.525999 0.392569 0.115891 0.209927
0 0.381622 0.354988 0.040149 0.023766
0 0.409467 0.351918 0.012165 0.014798
2 0.343518 0.346227 0.050582 0.071712
0 0.382434 0.437616 0.095119 0.148462
0 0.292537 0.419190 0.093324 0.142511
0 0.211086 0.482817 0.169035 0.172645
0 0.135533 0.440514 0.074273 0.086509
0 0.061580 0.491737 0.122294 0.175295
0 0.013037 0.386063 0.026074 0.042386
0 0.817000 0.565725 0.363680 0.471248
0 0.857309 0.329861 0.112445 0.025660
0 0.989543 0.319721 0.020720 0.021108
