0 0.581627 0.336565 0.016828 0.029917
0 0.638990 0.354940 0.032773 0.059911
0 0.669520 0.355273 0.044371 0.090500
0 0.706618 0.359809 0.077492 0.110577
0 0.748490 0.377628 0.074358 0.100824
0 0.836680 0.402009 0.141988 0.160803
0 0.554475 0.340233 0.023527 0.037540
0 0.514840 0.336565 0.015776 0.022438
0 0.465407 0.341240 0.015776 0.020568
0 0.597403 0.345914 0.031553 0.041136
0 0.418500 0.336205 0.018159 0.018698
0 0.340772 0.339370 0.025242 0.028047
0 0.229828 0.342031 0.038950 0.045162
0 0.174593 0.352459 0.039967 0.046745
0 0.128316 0.351524 0.046278 0.052355
0 0.044174 0.361808 0.088348 0.072922
0 0.932391 0.459973 0.133574 0.231856
