0 0.436643 0.357781 0.010531 0.016641
0 0.445579 0.359467 0.009361 0.016641
0 0.454839 0.368112 0.013048 0.019792
0 0.438398 0.351541 0.009361 0.012481
0 0.431378 0.351541 0.011701 0.012481
0 0.418507 0.354661 0.014041 0.014561
0 0.396594 0.351135 0.013404 0.019989
0 0.406807 0.355701 0.009361 0.012481
0 0.475426 0.351240 0.012531 0.019778
0 0.487011 0.369714 0.014030 0.023680
0 0.378725 0.357781 0.014041 0.016641
0 0.362929 0.359954 0.015211 0.020801
0 0.344208 0.352456 0.022231 0.014812
0 0.319608 0.361059 0.013521 0.018132
0 0.302670 0.365062 0.014041 0.018721
0 0.295589 0.346194 0.007466 0.007322
0 0.289800 0.344261 0.009361 0.014561
0 0.280137 0.348471 0.009964 0.010300
0 0.268738 0.357781 0.021061 0.016641
0 0.286874 0.364022 0.012871 0.020801
0 0.230946 0.365556 0.024557 0.021567
0 0.338357 0.367142 0.024571 0.022881
0 0.261829 0.379880 0.026837 0.030291
0 0.193743 0.381230 0.055941 0.051058
0 0.470047 0.373889 0.022537 0.032713
0 0.524129 0.378828 0.023539 0.026707
0 0.427283 0.365062 0.012871 0.018721
0 0.411684 0.369579 0.019410 0.016641
0 0.030044 0.378583 0.046803 0.049923
0 0.523229 0.618837 0.003510 0.060324
