0 0.034988 0.500166 0.032169 0.026390
0 0.084381 0.497739 0.032289 0.035401
0 0.151906 0.487865 0.042563 0.043270
0 0.184100 0.494312 0.011975 0.014683
0 0.956410 0.561490 0.087180 0.071879
0 0.266638 0.507257 0.014678 0.007951
0 0.288175 0.505935 0.010485 0.014062
0 0.321458 0.507523 0.008107 0.012245
0 0.354148 0.505591 0.018521 0.014749
0 0.791269 0.534393 0.040713 0.026465
0 0.715696 0.526829 0.041917 0.034660
0 0.671986 0.526635 0.019013 0.031582
0 0.640423 0.527953 0.009206 0.015597
0 0.546965 0.522497 0.016572 0.015597
0 0.482761 0.524743 0.008506 0.009690
0 0.475226 0.524811 0.005669 0.007960
0 0.459478 0.528991 0.005373 0.009155
0 0.842819 0.540693 0.021446 0.024262
0 0.496243 0.525217 0.005726 0.011925
