0 0.587283 0.378286 0.012751 0.017035
0 0.567091 0.374416 0.019667 0.016804
0 0.543769 0.379153 0.009661 0.013513
0 0.531300 0.381305 0.014326 0.022322
0 0.509231 0.393724 0.029324 0.029140
0 0.383907 0.407984 0.059519 0.078234
0 0.234496 0.424342 0.153091 0.122099
0 0.626861 0.387869 0.019376 0.033324
0 0.638598 0.401321 0.021248 0.028979
0 0.735937 0.419922 0.044927 0.055838
0 0.685009 0.417621 0.061000 0.065100
0 0.797934 0.459650 0.127591 0.166245
0 0.905887 0.514323 0.188225 0.224740
0 0.961823 0.600518 0.076354 0.208219
0 0.606787 0.380225 0.025103 0.019630
0 0.441329 0.408998 0.042232 0.049177
