0 0.465111 0.530500 0.006337 0.009881
0 0.474731 0.530295 0.009748 0.013864
0 0.483334 0.532950 0.009748 0.029461
0 0.496875 0.535296 0.022001 0.037730
0 0.503092 0.541416 0.017141 0.028350
0 0.375658 0.542585 0.035093 0.053723
0 0.521224 0.547460 0.032669 0.038429
0 0.448547 0.542902 0.031456 0.042543
0 0.308218 0.555339 0.033143 0.045058
0 0.276845 0.545026 0.027295 0.053723
0 0.340386 0.551322 0.035093 0.052163
0 0.038018 0.583066 0.076035 0.169833
0 0.954337 0.565822 0.066287 0.067587
0 0.924156 0.708230 0.151688 0.363928
0 0.159381 0.682799 0.310964 0.350064
0 0.152557 0.489570 0.067262 0.036393
