0 0.476675 0.374816 0.013918 0.022680
0 0.461598 0.384978 0.013918 0.027099
0 0.449014 0.391596 0.015339 0.047177
0 0.423997 0.384724 0.039225 0.072541
0 0.409859 0.404431 0.040759 0.074330
0 0.389691 0.397938 0.037113 0.090722
0 0.360739 0.420568 0.054510 0.144330
0 0.264722 0.415663 0.158310 0.295243
0 0.125258 0.522239 0.250516 0.552577
0 0.495026 0.386689 0.026120 0.046427
0 0.521680 0.378603 0.014115 0.026719
0 0.546684 0.391527 0.015394 0.034031
0 0.557281 0.397202 0.022036 0.043299
0 0.599335 0.411241 0.048790 0.070218
0 0.642444 0.436672 0.045232 0.079573
0 0.701424 0.446743 0.100245 0.121762
0 0.848148 0.503219 0.244204 0.242933
0 0.955928 0.600484 0.088144 0.243283
0 0.391315 0.424693 0.036249 0.063387
