0 0.119271 0.454470 0.132997 0.123321
0 0.577345 0.429298 0.017030 0.023829
0 0.404680 0.428832 0.033413 0.040025
0 0.236878 0.426316 0.023395 0.038126
0 0.264660 0.427182 0.024370 0.029461
0 0.308039 0.432381 0.011698 0.032927
0 0.890974 0.517135 0.185213 0.174706
0 0.780995 0.489315 0.093235 0.116620
0 0.625339 0.442779 0.022421 0.053723
0 0.685529 0.457860 0.067626 0.064570
0 0.959778 0.568000 0.080444 0.173178
0 0.429715 0.429097 0.012049 0.015235
0 0.443050 0.421117 0.014622 0.017330
0 0.459085 0.417570 0.014661 0.014521
0 0.476194 0.411586 0.012673 0.025995
0 0.491303 0.416785 0.019496 0.032927
0 0.523575 0.417223 0.013854 0.023406
0 0.560033 0.423341 0.008796 0.014893
0 0.552389 0.423155 0.006493 0.011542
0 0.546315 0.419990 0.005655 0.009681
0 0.541707 0.417197 0.003979 0.006330
0 0.663599 0.434883 0.064716 0.088615
0 0.628833 0.442144 0.019896 0.055477
