0 0.380471 0.392936 0.016737 0.020758
0 0.625680 0.420512 0.038256 0.055258
0 0.707796 0.428463 0.024866 0.054408
0 0.817772 0.410384 0.028111 0.021653
0 0.874968 0.441189 0.128156 0.118167
0 0.778614 0.440898 0.076028 0.075079
0 0.093475 0.383301 0.067548 0.043667
0 0.014840 0.375756 0.023539 0.030605
0 0.339148 0.392333 0.031297 0.036555
0 0.416509 0.402535 0.078902 0.051858
0 0.530319 0.480321 0.142981 0.200630
0 0.665409 0.427188 0.065991 0.090963
0 0.914789 0.507455 0.167847 0.202190
0 0.475695 0.393066 0.016111 0.026563
