0 0.501937 0.497366 0.011687 0.022905
0 0.511608 0.502848 0.018674 0.028658
0 0.523744 0.507341 0.014553 0.034461
0 0.537548 0.505054 0.026796 0.055359
0 0.554081 0.508022 0.038061 0.062091
0 0.574406 0.517490 0.041709 0.076292
0 0.596849 0.532125 0.038566 0.088072
0 0.630391 0.539761 0.069460 0.102289
0 0.694714 0.554568 0.115549 0.147816
0 0.417637 0.499667 0.013766 0.027508
0 0.403868 0.501421 0.015610 0.037545
0 0.383179 0.507145 0.024888 0.055524
0 0.355577 0.511022 0.034726 0.057521
0 0.318013 0.519377 0.053257 0.073458
0 0.294925 0.529818 0.041974 0.074750
0 0.259178 0.528352 0.056794 0.097952
0 0.188158 0.534881 0.112643 0.140373
0 0.074722 0.575343 0.149445 0.185697
0 0.856299 0.580168 0.284651 0.293291
