0 0.579751 0.548857 0.074561 0.083610
0 0.655563 0.578627 0.086032 0.121770
0 0.417471 0.538407 0.071334 0.037215
0 0.376900 0.540470 0.018931 0.038286
0 0.361599 0.544779 0.029625 0.040785
0 0.331457 0.549454 0.040148 0.066812
0 0.299526 0.555490 0.043963 0.082971
0 0.259217 0.570541 0.059597 0.127348
0 0.776615 0.608724 0.215586 0.201888
0 0.118724 0.602838 0.235154 0.213659
0 0.462043 0.536397 0.011176 0.015500
0 0.541015 0.552654 0.020643 0.036699
0 0.520107 0.542303 0.023290 0.021643
0 0.490200 0.536186 0.038640 0.028230
