0 0.037047 0.738650 0.072387 0.152968
0 0.102970 0.720859 0.094969 0.128484
0 0.168845 0.700322 0.081947 0.092266
0 0.250792 0.666329 0.030047 0.033993
0 0.298594 0.689395 0.103800 0.104407
0 0.377127 0.649332 0.045071 0.067986
0 0.521900 0.678469 0.099702 0.135971
0 0.632528 0.632023 0.058729 0.083180
0 0.717207 0.649332 0.058729 0.063130
0 0.443367 0.664244 0.068289 0.097808
0 0.588382 0.620662 0.026128 0.036865
0 0.562793 0.630616 0.014101 0.039077
0 0.501086 0.614535 0.029286 0.030727
1 0.422109 0.638861 0.053772 0.094741
