0 0.130807 0.610579 0.053643 0.049520
0 0.599978 0.588813 0.060035 0.065593
0 0.923048 0.648806 0.152733 0.262897
0 0.785200 0.614746 0.149897 0.169322
0 0.556379 0.584918 0.037191 0.052065
0 0.524353 0.587041 0.023645 0.035030
0 0.049084 0.613220 0.051561 0.053390
0 0.011759 0.622374 0.023090 0.047290
0 0.311687 0.593390 0.027458 0.022881
0 0.415940 0.589948 0.019735 0.020612
0 0.472097 0.585441 0.006684 0.010456
0 0.477901 0.584214 0.005769 0.009107
0 0.486801 0.586629 0.007218 0.005228
0 0.208767 0.593941 0.080465 0.040347
