0 0.265171 0.477564 0.039551 0.048933
0 0.217710 0.475485 0.081738 0.057780
0 0.160620 0.481142 0.030838 0.031702
0 0.119432 0.496221 0.069684 0.055682
0 0.049620 0.500625 0.069873 0.060937
0 0.016232 0.494765 0.032464 0.082033
0 0.480400 0.474729 0.013394 0.019296
1 0.611240 0.484218 0.059326 0.079687
0 0.422715 0.504135 0.114697 0.150479
0 0.700241 0.491484 0.102809 0.114844
0 0.959385 0.490312 0.080225 0.079687
0 0.561219 0.479774 0.028913 0.038925
0 0.779331 0.477422 0.055371 0.044531
0 0.843667 0.472239 0.058534 0.052916
0 0.513920 0.475033 0.007860 0.013474
0 0.534692 0.476031 0.034246 0.035432
0 0.489041 0.475472 0.005571 0.012104
0 0.330223 0.432557 0.076736 0.073574
