0 0.203809 0.495437 0.111005 0.114369
0 0.274607 0.471749 0.040682 0.096079
0 0.061179 0.500083 0.122358 0.161462
0 0.934712 0.544933 0.129926 0.201827
0 0.858650 0.472103 0.092923 0.141176
0 0.773881 0.493355 0.098391 0.100914
0 0.699457 0.486628 0.047934 0.069518
0 0.647588 0.479603 0.017359 0.047427
0 0.632602 0.476536 0.020183 0.044850
0 0.358419 0.476536 0.063981 0.080731
0 0.425347 0.476218 0.018424 0.030759
0 0.452106 0.469330 0.032571 0.025954
0 0.543247 0.482398 0.055914 0.083485
0 0.412434 0.477275 0.014371 0.036386
0 0.614361 0.470385 0.029612 0.046450
