0 0.377879 0.450849 0.048715 0.086604
0 0.343492 0.468680 0.060177 0.091698
0 0.267555 0.476321 0.100295 0.132453
0 0.154741 0.503066 0.147577 0.180849
0 0.042240 0.508161 0.084481 0.247076
0 0.674223 0.454479 0.050363 0.095839
0 0.693255 0.464567 0.063370 0.098361
0 0.760443 0.480142 0.134702 0.165566
0 0.898672 0.528217 0.202656 0.313945
0 0.617154 0.445094 0.037252 0.045133
0 0.540978 0.441570 0.028656 0.048396
0 0.501577 0.440297 0.012895 0.025472
0 0.474694 0.448177 0.007799 0.026574
0 0.458115 0.448302 0.028656 0.040755
0 0.572017 0.434601 0.016573 0.023686
0 0.558662 0.426687 0.006499 0.007163
0 0.598469 0.440436 0.013323 0.038128
0 0.482655 0.444133 0.015923 0.031196
0 0.491591 0.442689 0.008449 0.027152
