0 0.172054 0.630809 0.342158 0.450578
0 0.358729 0.562356 0.083833 0.119576
0 0.307011 0.532631 0.014813 0.028729
0 0.403862 0.559980 0.012038 0.048077
0 0.543968 0.586158 0.109128 0.120496
0 0.453773 0.550225 0.030219 0.043325
0 0.411369 0.548492 0.021446 0.032927
1 0.539369 0.509377 0.096132 0.131461
0 0.608765 0.569288 0.041003 0.077985
0 0.954985 0.612613 0.088386 0.150770
0 0.853020 0.605681 0.132700 0.112644
0 0.759375 0.589929 0.083833 0.081759
0 0.703811 0.583992 0.068237 0.076305
0 0.477743 0.545571 0.020313 0.033438
0 0.432263 0.544635 0.009404 0.016050
