0 0.097863 0.638945 0.145080 0.172650
0 0.157490 0.609147 0.100523 0.129974
0 0.213087 0.607558 0.049899 0.092137
0 0.236391 0.596149 0.030219 0.076252
0 0.257195 0.596510 0.026986 0.056178
0 0.275061 0.587593 0.029575 0.048306
0 0.290067 0.579311 0.030047 0.053418
0 0.307703 0.576988 0.013064 0.031741
0 0.429444 0.586984 0.030301 0.042592
0 0.411416 0.583518 0.011850 0.035660
0 0.403911 0.579029 0.011850 0.032301
0 0.329485 0.578818 0.031194 0.041594
0 0.346818 0.570022 0.013220 0.023997
0 0.031988 0.678467 0.063976 0.185131
0 0.391469 0.574816 0.024884 0.035110
