0 0.313417 0.392561 0.024949 0.012408
0 0.308740 0.418236 0.048338 0.041581
0 0.380077 0.400911 0.008576 0.020791
0 0.501594 0.405244 0.017229 0.017670
0 0.536006 0.401595 0.052236 0.038828
0 0.582182 0.408364 0.039461 0.026678
0 0.644152 0.404929 0.034459 0.017739
0 0.607748 0.406388 0.020564 0.024701
0 0.682580 0.414078 0.047558 0.030493
0 0.718053 0.412692 0.035864 0.033265
1 0.809275 0.418412 0.081700 0.046774
0 0.752468 0.427124 0.037254 0.042724
0 0.969978 0.473647 0.050287 0.105927
0 0.714350 0.460511 0.068609 0.067916
0 0.651589 0.452887 0.063151 0.083162
0 0.610268 0.459125 0.038203 0.076232
0 0.552792 0.482123 0.108065 0.119456
0 0.479677 0.463976 0.085761 0.069302
0 0.360937 0.397887 0.032277 0.032384
0 0.341290 0.398832 0.013254 0.027721
0 0.397424 0.441799 0.013254 0.027721
0 0.328426 0.472990 0.124743 0.117823
0 0.266834 0.421009 0.056134 0.044353
0 0.232083 0.394071 0.037448 0.033287
0 0.214597 0.478529 0.109150 0.101181
0 0.170454 0.416157 0.049321 0.038809
0 0.477695 0.400559 0.028345 0.026875
0 0.424340 0.408858 0.040572 0.025690
1 0.891387 0.486845 0.121511 0.166324
0 0.988997 0.500478 0.021407 0.115202
0 0.108994 0.623808 0.216741 0.475504
0 0.836230 0.414293 0.032235 0.026678
