0 0.603934 0.557964 0.008692 0.024143
0 0.617541 0.564089 0.016572 0.022529
0 0.540522 0.563153 0.011198 0.033916
0 0.529321 0.562356 0.009748 0.025995
0 0.383099 0.597016 0.029244 0.091849
0 0.212996 0.577995 0.084808 0.086707
0 0.860755 0.627343 0.083833 0.124775
0 0.515813 0.575982 0.030915 0.055740
0 0.019984 0.600482 0.038018 0.067587
0 0.976740 0.628210 0.043705 0.050257
0 0.013414 0.558023 0.022928 0.020796
0 0.043379 0.592683 0.016572 0.027728
0 0.018521 0.813640 0.035093 0.247818
0 0.317573 0.591543 0.140801 0.220638
0 0.775004 0.622144 0.183328 0.207959
2 0.679652 0.537018 0.104858 0.208378
0 0.571237 0.587484 0.062388 0.097048
