0 0.432075 0.435997 0.033254 0.044791
0 0.466143 0.439779 0.031974 0.048615
0 0.566735 0.466891 0.106353 0.170152
0 0.687224 0.491198 0.203201 0.271122
0 0.855727 0.621735 0.284839 0.579315
0 0.345687 0.437472 0.022450 0.030790
0 0.314018 0.444528 0.016983 0.043353
0 0.297034 0.449560 0.035273 0.048773
0 0.238709 0.466956 0.091704 0.132400
0 0.159510 0.476343 0.083367 0.151173
0 0.065735 0.495353 0.129367 0.181289
0 0.378032 0.430593 0.016112 0.023225
0 0.509586 0.481591 0.017024 0.056747
0 0.406636 0.428900 0.010665 0.014044
0 0.328823 0.445302 0.017854 0.037160
