0 0.549316 0.415937 0.039023 0.073125
0 0.563554 0.435458 0.042187 0.089665
0 0.588340 0.444062 0.043242 0.121875
0 0.439278 0.406671 0.005275 0.023999
0 0.428755 0.408966 0.015869 0.044183
0 0.413965 0.413658 0.017930 0.066433
0 0.383970 0.414171 0.046278 0.076657
0 0.249961 0.467500 0.137109 0.213750
0 0.461076 0.410929 0.012193 0.015483
0 0.481308 0.408994 0.009179 0.008516
0 0.677109 0.457187 0.172969 0.219375
0 0.125666 0.543539 0.251332 0.301671
0 0.900175 0.564605 0.197226 0.424540
0 0.509413 0.407832 0.044418 0.057289
