0 0.535771 0.332402 0.026383 0.018353
0 0.489243 0.331148 0.058360 0.018822
0 0.451233 0.333490 0.016512 0.020255
0 0.422496 0.336653 0.034986 0.028205
0 0.398043 0.333930 0.016212 0.029264
0 0.311514 0.338010 0.045884 0.037727
0 0.275209 0.345147 0.020074 0.025491
0 0.231046 0.342088 0.065958 0.035687
0 0.145301 0.339539 0.093603 0.059139
0 0.036843 0.331892 0.072840 0.058119
0 0.651938 0.335881 0.009145 0.012356
0 0.585679 0.352251 0.029346 0.033715
0 0.617054 0.364487 0.036846 0.050058
0 0.735735 0.334002 0.021338 0.030383
0 0.275947 0.324501 0.040695 0.019509
0 0.642336 0.346936 0.020119 0.019509
0 0.356191 0.333727 0.044650 0.032434
