0 0.350116 0.456701 0.010026 0.030928
0 0.340681 0.459794 0.010538 0.041237
0 0.326714 0.463833 0.019716 0.045531
0 0.309317 0.458763 0.017397 0.063918
0 0.289024 0.461389 0.051669 0.087791
0 0.251626 0.468918 0.070150 0.093093
0 0.185302 0.478979 0.107231 0.135651
0 0.640206 0.483174 0.092784 0.133312
0 0.580705 0.467676 0.066564 0.112070
0 0.524227 0.457732 0.046392 0.070103
0 0.487231 0.454805 0.027601 0.046334
0 0.468906 0.453079 0.009049 0.026625
0 0.438959 0.452280 0.005643 0.014044
0 0.429179 0.452614 0.014671 0.016050
0 0.411686 0.446930 0.012038 0.011369
0 0.767204 0.509599 0.242397 0.204169
0 0.079446 0.493196 0.156572 0.214433
0 0.396639 0.448602 0.005266 0.008025
0 0.389868 0.449271 0.007524 0.013375
0 0.378959 0.447933 0.015799 0.026750
0 0.451025 0.451147 0.018290 0.024386
0 0.421279 0.449271 0.005643 0.014713
0 0.584141 0.099172 0.003449 0.004598
