0 0.374572 0.565637 0.004777 0.021230
0 0.368673 0.566921 0.009357 0.023797
0 0.352564 0.573220 0.019449 0.035182
0 0.341646 0.580195 0.013989 0.037001
0 0.325097 0.588081 0.034120 0.049133
0 0.105320 0.615800 0.159951 0.158259
0 0.410866 0.564520 0.013500 0.021667
0 0.427970 0.563818 0.013307 0.018804
0 0.453390 0.569884 0.021155 0.028509
0 0.462261 0.588064 0.025931 0.036967
0 0.522864 0.626890 0.047386 0.099478
0 0.537333 0.640333 0.033572 0.113817
0 0.636062 0.638197 0.182289 0.227843
0 0.824687 0.765791 0.348981 0.326186
0 0.983581 0.908088 0.029244 0.159435
0 0.424041 0.612613 0.046791 0.077985
0 0.349664 0.578072 0.008189 0.035182
0 0.363483 0.570490 0.008530 0.027296
0 0.379690 0.561998 0.007506 0.012738
0 0.393338 0.565941 0.016378 0.025476
