0 0.384344 0.384471 0.005261 0.008803
0 0.388845 0.385863 0.006836 0.011587
0 0.501135 0.403435 0.042145 0.062677
0 0.516342 0.414823 0.043449 0.057645
0 0.563797 0.415330 0.070123 0.084360
0 0.680668 0.415052 0.205424 0.119576
0 0.712677 0.446114 0.231088 0.130237
0 0.375478 0.391432 0.017973 0.022630
0 0.355605 0.389404 0.016548 0.023220
0 0.328410 0.388612 0.028275 0.038668
0 0.258931 0.391010 0.032225 0.051203
0 0.215166 0.400633 0.034402 0.045676
0 0.200832 0.410604 0.033458 0.047038
0 0.148487 0.418545 0.045938 0.037231
0 0.046452 0.425731 0.092347 0.092087
0 0.235851 0.392117 0.024386 0.042579
0 0.291417 0.389786 0.033967 0.046589
0 0.603213 0.423083 0.066191 0.089029
0 0.442052 0.395168 0.085826 0.058182
0 0.394785 0.387527 0.008709 0.014746
