0 0.111812 0.410752 0.139145 0.156206
0 0.895813 0.519071 0.207386 0.336807
0 0.669326 0.406802 0.089659 0.103953
0 0.495606 0.370765 0.023887 0.037423
0 0.430562 0.373195 0.019107 0.021473
0 0.219902 0.395713 0.085678 0.123357
0 0.264524 0.367754 0.033856 0.040673
0 0.302177 0.388090 0.074195 0.083162
0 0.366755 0.376437 0.040695 0.053799
0 0.342155 0.382378 0.024417 0.053325
0 0.396247 0.375549 0.029264 0.037392
0 0.607344 0.383239 0.053016 0.067916
0 0.577453 0.388149 0.019661 0.051211
0 0.564857 0.380467 0.027295 0.054056
0 0.547869 0.376606 0.014632 0.036579
0 0.536210 0.374980 0.012346 0.017070
0 0.524550 0.370022 0.014632 0.021785
0 0.514033 0.365226 0.010974 0.013819
0 0.477026 0.367988 0.017419 0.014009
0 0.450483 0.371306 0.017419 0.020645
0 0.038730 0.439863 0.071501 0.158891
0 0.462303 0.366514 0.010368 0.018433
