0 0.042143 0.590204 0.084286 0.146347
0 0.883644 0.627413 0.231707 0.236432
0 0.272872 0.572546 0.061353 0.060075
0 0.551477 0.542682 0.039226 0.055430
0 0.494611 0.526582 0.013271 0.016221
0 0.460603 0.526582 0.016589 0.016221
0 0.629648 0.550472 0.090079 0.064884
0 0.309331 0.557283 0.043750 0.061991
0 0.338423 0.554305 0.022396 0.042764
0 0.357515 0.543954 0.031491 0.047245
0 0.375873 0.543909 0.017834 0.039077
0 0.386656 0.544278 0.017004 0.032441
0 0.405278 0.537347 0.020737 0.033916
0 0.417097 0.534767 0.012857 0.028755
0 0.441525 0.529163 0.009954 0.018433
0 0.673102 0.536693 0.015240 0.038800
0 0.577350 0.537568 0.017834 0.027280
0 0.982358 0.736171 0.034277 0.199219
0 0.394329 0.544278 0.012442 0.029492
0 0.425807 0.532186 0.008709 0.025068
0 0.446917 0.527688 0.006636 0.019907
0 0.512652 0.522527 0.006221 0.011060
0 0.529863 0.521790 0.009954 0.016958
0 0.588021 0.054721 0.002587 0.004598
