0 0.255978 0.546951 0.027524 0.022659
0 0.237848 0.543710 0.017732 0.027109
0 0.208074 0.559617 0.014292 0.015997
0 0.182667 0.564795 0.029112 0.024471
0 0.138650 0.564809 0.040533 0.036602
0 0.121279 0.564809 0.010938 0.018301
0 0.075920 0.583681 0.032169 0.028595
0 0.312873 0.534043 0.015338 0.015663
0 0.041817 0.588902 0.039661 0.042918
0 0.015441 0.592013 0.030883 0.054410
0 0.462329 0.516345 0.010665 0.022934
0 0.476109 0.513750 0.023730 0.037500
0 0.418683 0.516464 0.012639 0.016150
0 0.438827 0.518921 0.016589 0.022469
0 0.509892 0.530383 0.049208 0.067353
0 0.449887 0.509793 0.006320 0.008426
