0 0.473528 0.529272 0.036209 0.050066
0 0.431794 0.532323 0.057344 0.099084
0 0.410823 0.558253 0.054869 0.101416
0 0.366334 0.572969 0.096816 0.127175
0 0.248733 0.603110 0.220269 0.206870
0 0.619411 0.538721 0.035360 0.091962
0 0.656654 0.552277 0.072231 0.123272
0 0.685624 0.575543 0.096865 0.142610
0 0.799843 0.609966 0.203083 0.206955
0 0.912917 0.682333 0.171271 0.312552
0 0.537150 0.524433 0.012348 0.017331
0 0.561034 0.518079 0.020472 0.032351
0 0.524314 0.526744 0.008774 0.010399
0 0.492794 0.525300 0.018522 0.041016
