0 0.346759 0.547444 0.021066 0.038788
0 0.311774 0.549785 0.021066 0.031432
0 0.278107 0.545103 0.010909 0.018056
0 0.229573 0.549831 0.033787 0.015997
0 0.418913 0.538854 0.007428 0.005502
0 0.402975 0.539129 0.007737 0.011554
0 0.486988 0.541337 0.012889 0.017185
0 0.514617 0.546854 0.009187 0.011159
0 0.525990 0.548818 0.012014 0.015724
0 0.292965 0.547444 0.009781 0.010700
0 0.398487 0.543530 0.008046 0.011554
0 0.392607 0.544356 0.010522 0.020907
0 0.449520 0.544576 0.014546 0.017606
0 0.553107 0.547443 0.041545 0.030940
