0 0.020049 0.511758 0.039531 0.101940
0 0.696570 0.418005 0.025437 0.021018
0 0.665125 0.416810 0.034201 0.040794
0 0.489490 0.408785 0.011477 0.015700
0 0.459379 0.395237 0.006456 0.004990
0 0.462796 0.399229 0.007117 0.004990
0 0.470747 0.411558 0.010667 0.015265
0 0.473166 0.424978 0.011373 0.016686
0 0.487304 0.426601 0.017853 0.023804
0 0.613680 0.422983 0.028865 0.042917
0 0.541226 0.433323 0.059934 0.078369
0 0.773499 0.467192 0.158915 0.146652
0 0.442946 0.389194 0.008124 0.016753
0 0.443436 0.402180 0.010392 0.016200
0 0.397614 0.398438 0.009099 0.015598
0 0.390655 0.403348 0.010670 0.012709
0 0.381514 0.402209 0.009673 0.013375
0 0.410504 0.426385 0.024866 0.037406
0 0.347383 0.438219 0.068223 0.081476
0 0.421729 0.401037 0.014161 0.017331
0 0.451659 0.393989 0.007298 0.006487
