0 0.953849 0.657670 0.090657 0.379525
0 0.831593 0.656753 0.213826 0.298177
0 0.767965 0.600469 0.226792 0.226618
0 0.628264 0.584885 0.100405 0.133440
0 0.573501 0.571021 0.075406 0.098781
0 0.540839 0.563836 0.060013 0.078524
0 0.509567 0.553292 0.042132 0.061452
0 0.496368 0.544455 0.047332 0.069911
0 0.468564 0.551992 0.014295 0.036113
0 0.460664 0.538282 0.027837 0.035444
0 0.184893 0.540525 0.069546 0.069656
0 0.245074 0.530164 0.049756 0.056460
0 0.281680 0.533750 0.027085 0.038149
0 0.077280 0.531711 0.062459 0.059556
0 0.018526 0.531637 0.037052 0.063171
0 0.145684 0.532461 0.026221 0.042456
0 0.437943 0.535941 0.024828 0.033438
