0 0.441495 0.383657 0.029058 0.022931
0 0.423554 0.384724 0.012673 0.027728
0 0.411763 0.388880 0.021155 0.030936
0 0.401842 0.390982 0.019055 0.029075
0 0.385684 0.392066 0.020767 0.035480
0 0.375766 0.400405 0.020813 0.027296
0 0.361923 0.401295 0.023933 0.040074
0 0.326073 0.400926 0.051665 0.056665
0 0.275581 0.425531 0.067215 0.074357
0 0.203662 0.437682 0.095828 0.102449
0 0.622388 0.389251 0.032222 0.036782
1 0.598921 0.376926 0.030416 0.057189
0 0.844184 0.412452 0.111128 0.110911
0 0.681930 0.416513 0.137869 0.191819
