0 0.603349 0.458341 0.021605 0.035848
0 0.609505 0.462549 0.015053 0.037435
0 0.636236 0.454881 0.049931 0.073879
0 0.638637 0.465871 0.033607 0.064564
0 0.668163 0.475595 0.052332 0.078890
0 0.686725 0.485604 0.051132 0.079980
0 0.733180 0.501319 0.093799 0.124538
0 0.825792 0.525594 0.157916 0.177309
0 0.919829 0.573087 0.155541 0.272296
0 0.555724 0.434892 0.007900 0.010031
0 0.546320 0.439239 0.009404 0.012038
0 0.567784 0.463649 0.037995 0.055507
0 0.529505 0.437902 0.007524 0.009363
0 0.514834 0.447933 0.006771 0.012038
0 0.503026 0.449030 0.015340 0.022257
0 0.447314 0.460197 0.020096 0.047498
0 0.430953 0.459624 0.026695 0.051729
0 0.416234 0.460231 0.013389 0.054736
0 0.379573 0.451274 0.070016 0.114867
0 0.331426 0.479156 0.038152 0.092876
0 0.270356 0.484665 0.093799 0.128295
0 0.161428 0.517150 0.128332 0.151979
0 0.051055 0.540187 0.102111 0.184007
