0 0.290920 0.428471 0.010602 0.026974
0 0.272878 0.430027 0.025677 0.030086
0 0.247411 0.436771 0.017927 0.012450
0 0.190089 0.442268 0.037039 0.024279
0 0.147589 0.444552 0.045628 0.023862
0 0.110400 0.445039 0.033637 0.022888
0 0.508411 0.433070 0.010887 0.020128
0 0.496658 0.441586 0.020458 0.035612
0 0.482065 0.448554 0.026999 0.041805
0 0.558926 0.435393 0.010016 0.012387
0 0.571990 0.440038 0.015241 0.010838
0 0.529466 0.451263 0.031485 0.042579
0 0.445861 0.487317 0.100632 0.114377
0 0.322773 0.457392 0.054272 0.042520
0 0.543467 0.429586 0.013935 0.033289
0 0.518427 0.435006 0.008274 0.011613
0 0.486077 0.422484 0.006824 0.010312
0 0.494777 0.420361 0.007848 0.008492
0 0.459395 0.423697 0.010236 0.010312
