0 0.501827 0.457533 0.008295 0.017662
0 0.488172 0.454586 0.011523 0.029020
0 0.477141 0.455207 0.018220 0.034604
0 0.453535 0.458360 0.030994 0.044466
0 0.208544 0.458262 0.061003 0.068096
0 0.118859 0.458635 0.150074 0.072374
0 0.538343 0.460048 0.012003 0.008535
0 0.562672 0.454208 0.015195 0.020754
0 0.590046 0.448022 0.048195 0.054471
0 0.632112 0.468142 0.054027 0.064032
0 0.851221 0.448702 0.086043 0.069510
0 0.863226 0.463696 0.080040 0.087154
0 0.904395 0.468413 0.167787 0.092334
0 0.493533 0.452564 0.008295 0.024577
