0 0.811379 0.511430 0.044170 0.037555
0 0.944127 0.538590 0.085740 0.038534
0 0.589807 0.447330 0.018171 0.016649
0 0.447461 0.423623 0.004138 0.005148
0 0.433354 0.425396 0.007524 0.007356
0 0.426207 0.425730 0.009781 0.006688
0 0.416050 0.425396 0.007524 0.007356
0 0.398671 0.433995 0.009602 0.008942
0 0.387468 0.438060 0.006401 0.012193
0 0.373294 0.442124 0.017375 0.015445
0 0.356244 0.443939 0.014369 0.022325
0 0.334750 0.439837 0.015276 0.027128
0 0.279935 0.435215 0.025443 0.030889
0 0.307908 0.446933 0.030178 0.029939
0 0.180758 0.420320 0.128157 0.075526
0 0.426750 0.486579 0.078822 0.116705
0 0.662621 0.563796 0.211046 0.254714
1 0.495938 0.437815 0.080458 0.159824
0 0.772908 0.527246 0.032818 0.128918
0 0.546785 0.446364 0.006636 0.005898
0 0.437868 0.425062 0.003009 0.009363
