0 0.318994 0.410193 0.033056 0.029223
0 0.306922 0.417919 0.044199 0.050051
0 0.290222 0.416156 0.064234 0.050110
0 0.283058 0.422468 0.057973 0.059149
0 0.063281 0.403659 0.123926 0.065523
0 0.391817 0.421450 0.011075 0.020771
0 0.404926 0.424729 0.010926 0.027328
0 0.445542 0.422982 0.071097 0.050519
0 0.473291 0.433055 0.092285 0.053811
0 0.501635 0.448530 0.096240 0.065048
0 0.576109 0.443531 0.063308 0.056204
0 0.181933 0.487279 0.203027 0.212941
0 0.041336 0.485156 0.082673 0.187500
0 0.837096 0.523741 0.323122 0.513454
0 0.464896 0.437046 0.056088 0.044940
0 0.355091 0.427566 0.029229 0.038621
0 0.379580 0.419140 0.019749 0.030194
