0 0.476230 0.566227 0.010451 0.018580
0 0.495607 0.577840 0.008271 0.013935
0 0.511375 0.572983 0.020564 0.040922
0 0.535880 0.567441 0.037137 0.069360
0 0.572234 0.574259 0.062248 0.073116
0 0.591130 0.584395 0.046686 0.073626
0 0.671529 0.591968 0.152265 0.138114
0 0.816517 0.651076 0.270455 0.182129
0 0.416494 0.570440 0.013098 0.023400
0 0.443131 0.573424 0.044899 0.067542
0 0.404660 0.573970 0.008579 0.014161
0 0.359190 0.563078 0.042947 0.088496
0 0.333812 0.576720 0.048803 0.095916
0 0.291793 0.580506 0.076230 0.131809
0 0.184680 0.603534 0.199526 0.209333
0 0.071191 0.681559 0.140676 0.287835
