0 0.027237 0.378666 0.045399 0.053280
0 0.140251 0.391031 0.051635 0.051042
0 0.235535 0.405798 0.054214 0.057357
0 0.081805 0.383877 0.026492 0.023878
0 0.186333 0.383447 0.028607 0.030363
0 0.383124 0.388950 0.018148 0.017924
0 0.474903 0.383931 0.017997 0.011292
0 0.547576 0.392143 0.022730 0.022041
0 0.719990 0.416939 0.041576 0.042245
0 0.813522 0.421531 0.032216 0.058775
0 0.855976 0.421531 0.112615 0.066122
0 0.755931 0.419082 0.059923 0.042245
0 0.513047 0.401855 0.052152 0.035848
0 0.633920 0.406784 0.125524 0.045706
0 0.461670 0.403692 0.047638 0.039522
0 0.342309 0.383555 0.062989 0.031994
0 0.409797 0.388730 0.030700 0.021643
