0 0.314290 0.443148 0.012841 0.013656
0 0.301784 0.440290 0.008427 0.024969
0 0.288063 0.441015 0.007682 0.019631
0 0.277357 0.439832 0.017955 0.029215
0 0.368759 0.446746 0.012255 0.015386
0 0.385682 0.448909 0.012255 0.019712
0 0.265627 0.442998 0.025223 0.025306
0 0.543401 0.486994 0.082398 0.098401
0 0.070835 0.449025 0.081100 0.079061
0 0.019824 0.449445 0.039648 0.113194
0 0.020854 0.415127 0.041709 0.045332
0 0.193956 0.433399 0.044108 0.036028
0 0.498041 0.464340 0.035290 0.032838
0 0.293585 0.441868 0.005281 0.019631
0 0.298146 0.441441 0.006721 0.017070
0 0.302227 0.440588 0.005281 0.015363
0 0.328152 0.444855 0.013923 0.010242
