0 0.402466 0.358967 0.011888 0.014632
0 0.415497 0.358967 0.008688 0.013006
0 0.446400 0.374341 0.011967 0.045662
0 0.465995 0.375708 0.027223 0.058585
0 0.499859 0.396291 0.023777 0.063268
0 0.541216 0.406562 0.063043 0.129331
0 0.599244 0.424104 0.095997 0.160472
0 0.693032 0.443208 0.183277 0.285283
0 0.879353 0.482689 0.237842 0.450849
0 0.064471 0.460971 0.077731 0.076549
0 0.135921 0.417074 0.072005 0.087927
0 0.191554 0.413755 0.060052 0.058527
0 0.241013 0.400057 0.048011 0.050641
0 0.292960 0.391952 0.021724 0.026096
0 0.390806 0.363844 0.011431 0.011380
0 0.482026 0.391075 0.019204 0.057714
0 0.435845 0.373599 0.012803 0.019509
0 0.427386 0.372786 0.006859 0.022761
0 0.423042 0.368315 0.005487 0.020322
0 0.416640 0.369534 0.006401 0.014632
0 0.375488 0.368721 0.014632 0.011380
0 0.335052 0.381149 0.061669 0.036237
