0 0.578230 0.551050 0.008230 0.015445
0 0.567256 0.555927 0.016461 0.030076
0 0.551962 0.557143 0.017785 0.034147
0 0.525997 0.566778 0.042339 0.058273
0 0.483658 0.580133 0.050534 0.094694
0 0.717380 0.611559 0.082966 0.124108
0 0.675742 0.558538 0.016772 0.026194
0 0.646040 0.543815 0.035208 0.014632
0 0.776619 0.590283 0.046437 0.098675
0 0.829884 0.593372 0.090142 0.112025
0 0.236451 0.533118 0.140676 0.068650
0 0.411954 0.593487 0.125652 0.155396
0 0.622968 0.620196 0.140676 0.145684
0 0.173625 0.667543 0.345543 0.332644
0 0.885198 0.779234 0.228086 0.429767
1 0.688792 0.534873 0.029264 0.029264
1 0.615176 0.537719 0.009145 0.008942
0 0.621120 0.541783 0.014632 0.013819
0 0.595697 0.536011 0.031093 0.024386
