0 0.501235 0.492659 0.024489 0.036514
0 0.481543 0.504975 0.027735 0.049307
0 0.452374 0.510523 0.042081 0.058615
0 0.446157 0.520277 0.031561 0.059509
0 0.302698 0.559723 0.134851 0.177847
0 0.621014 0.500669 0.019758 0.044317
0 0.637950 0.502708 0.030677 0.057243
0 0.657243 0.508659 0.025269 0.069144
0 0.689081 0.512626 0.054514 0.112217
0 0.556816 0.496206 0.013780 0.011797
0 0.749333 0.525612 0.117636 0.144053
0 0.414835 0.527078 0.075555 0.100315
0 0.174417 0.643546 0.247956 0.282242
0 0.011424 0.798896 0.022848 0.107296
0 0.502054 0.499107 0.016461 0.029264
0 0.596884 0.498417 0.029861 0.038340
0 0.577807 0.494362 0.009124 0.018433
0 0.544006 0.495468 0.012857 0.017695
0 0.520787 0.499330 0.013824 0.017555
