0 0.986086 0.545984 0.026184 0.055181
0 0.237853 0.585231 0.175465 0.164634
0 0.404247 0.540128 0.053993 0.063478
0 0.492224 0.533541 0.027186 0.032328
0 0.583034 0.530888 0.039190 0.054963
0 0.562952 0.529776 0.018521 0.039859
0 0.549068 0.534640 0.013824 0.026663
0 0.539390 0.534300 0.007110 0.020364
0 0.531293 0.524118 0.014614 0.018257
0 0.523506 0.519791 0.007730 0.019889
0 0.441948 0.531177 0.028044 0.040521
0 0.462067 0.527259 0.015613 0.020962
0 0.079207 0.554798 0.031688 0.044508
0 0.158150 0.549767 0.029706 0.041468
1 0.147585 0.510071 0.051861 0.045508
1 0.234728 0.491164 0.045243 0.030433
1 0.187671 0.512812 0.034076 0.033003
0 0.308812 0.508646 0.019091 0.025327
0 0.342135 0.496241 0.010270 0.011937
1 0.497043 0.499120 0.030976 0.047749
0 0.517864 0.516394 0.005135 0.012639
0 0.514901 0.511478 0.007900 0.015448
0 0.473231 0.515972 0.012245 0.021066
0 0.417261 0.472787 0.011060 0.009129
0 0.429506 0.465414 0.007110 0.008426
0 0.440368 0.465063 0.011455 0.009129
0 0.479866 0.460148 0.009085 0.009129
0 0.484606 0.462957 0.005135 0.004915
0 0.462882 0.462606 0.009085 0.005618
0 0.451625 0.464712 0.008690 0.004213
0 0.293276 0.497083 0.013824 0.007724
0 0.307693 0.491817 0.011850 0.008426
