0 0.374814 0.427258 0.016572 0.025845
0 0.360518 0.440768 0.016409 0.041404
0 0.350196 0.445943 0.021173 0.053637
0 0.335334 0.445379 0.035093 0.090116
0 0.308039 0.445379 0.062388 0.117843
0 0.278795 0.456643 0.068237 0.140372
0 0.187163 0.482638 0.196911 0.247818
0 0.417393 0.425948 0.015948 0.021677
0 0.429286 0.438335 0.018290 0.023225
0 0.450849 0.447112 0.030219 0.069320
0 0.503488 0.425400 0.096506 0.199393
0 0.564414 0.455474 0.126725 0.212031
0 0.395308 0.425948 0.016525 0.018581
0 0.097481 0.514964 0.194962 0.426847
0 0.783258 0.460109 0.431840 0.448845
0 0.393142 0.415497 0.012193 0.010064
