0 0.422056 0.457416 0.015820 0.015562
0 0.391734 0.474530 0.044824 0.058436
0 0.353501 0.462779 0.026367 0.027313
0 0.301506 0.469010 0.051851 0.045237
0 0.256266 0.482966 0.036267 0.037808
0 0.211727 0.491202 0.022085 0.028166
0 0.188707 0.505078 0.034277 0.030469
0 0.136374 0.507422 0.073024 0.049219
0 0.056212 0.516192 0.106787 0.064490
0 0.038323 0.547325 0.076646 0.058475
0 0.475449 0.460547 0.025049 0.053906
0 0.522910 0.472265 0.080420 0.082031
0 0.574326 0.495703 0.077783 0.124219
0 0.658701 0.528512 0.183252 0.180475
0 0.446374 0.462604 0.035598 0.046686
0 0.229731 0.476692 0.020645 0.036701
