2 0.130330 0.811875 0.129575 0.086250
0 0.260508 0.828319 0.200391 0.105861
0 0.280547 0.855000 0.187734 0.116250
0 0.621518 0.844662 0.058447 0.073175
0 0.466172 0.822088 0.261562 0.204573
0 0.609191 0.777562 0.022534 0.035839
0 0.632008 0.797616 0.026844 0.045237
0 0.662062 0.797528 0.029762 0.051729
0 0.704955 0.795525 0.036181 0.037349
0 0.755532 0.803053 0.056804 0.066929
0 0.785487 0.768846 0.030346 0.040907
0 0.838884 0.787658 0.050771 0.044782
0 0.071191 0.846247 0.142383 0.088755
0 0.728309 0.782557 0.015195 0.023862
