1 0.613166 0.558023 0.423042 0.492170
0 0.301128 0.476867 0.060530 0.076840
0 0.012673 0.519031 0.023395 0.036393
0 0.027295 0.503434 0.050690 0.057189
0 0.050588 0.487512 0.073882 0.053072
0 0.086270 0.481772 0.067262 0.058922
0 0.120935 0.485238 0.058605 0.048524
0 0.149584 0.476888 0.052692 0.038708
0 0.183766 0.478591 0.016543 0.018580
0 0.190083 0.471237 0.023951 0.017806
0 0.392848 0.480905 0.054589 0.188896
0 0.365617 0.471840 0.027424 0.089183
0 0.352352 0.455293 0.012803 0.038205
0 0.085352 0.492759 0.030483 0.030193
0 0.149149 0.482307 0.016983 0.029418
0 0.234718 0.464114 0.068804 0.025548
