0 0.486279 0.398716 0.014175 0.015445
0 0.464102 0.403594 0.012803 0.013819
0 0.434059 0.404098 0.032276 0.038849
0 0.403551 0.400771 0.024167 0.030935
0 0.373712 0.416239 0.032779 0.048561
0 0.358689 0.407741 0.024584 0.041277
0 0.354451 0.424439 0.024865 0.046730
0 0.317715 0.440519 0.084679 0.087410
0 0.601001 0.389612 0.008230 0.005690
0 0.597114 0.404244 0.008688 0.008942
0 0.569451 0.379451 0.011888 0.019509
0 0.570367 0.394083 0.008232 0.008129
0 0.583365 0.396928 0.012282 0.007316
0 0.547819 0.406834 0.025889 0.024896
0 0.581967 0.429593 0.039663 0.065558
0 0.210500 0.413581 0.028685 0.038390
0 0.239183 0.438091 0.055997 0.053417
0 0.067777 0.428379 0.114726 0.087410
0 0.532143 0.464800 0.081947 0.126259
0 0.836030 0.593487 0.326422 0.441907
0 0.453128 0.399936 0.010974 0.024386
0 0.475762 0.405219 0.007773 0.013819
0 0.507083 0.393433 0.021033 0.013006
0 0.604888 0.403431 0.007773 0.012193
0 0.581340 0.385954 0.008230 0.014632
