0 0.434482 0.467295 0.022357 0.056037
0 0.442229 0.450044 0.007073 0.019316
0 0.449320 0.450431 0.008356 0.020090
0 0.466045 0.464790 0.033071 0.044371
0 0.537490 0.454807 0.026207 0.033279
0 0.560226 0.467009 0.034240 0.042153
0 0.330331 0.444239 0.024959 0.021017
0 0.297208 0.443216 0.021338 0.018744
0 0.270430 0.441529 0.023711 0.015597
0 0.404802 0.475883 0.059277 0.076541
0 0.504100 0.475883 0.052256 0.069885
0 0.642848 0.473110 0.069885 0.086524
0 0.835613 0.560104 0.326962 0.618981
0 0.415220 0.427574 0.022558 0.019354
0 0.460248 0.455831 0.023080 0.038708
0 0.330957 0.423780 0.053998 0.041805
