0 0.266811 0.462321 0.027547 0.037545
0 0.247987 0.467218 0.022956 0.034281
0 0.228245 0.476196 0.031220 0.032648
0 0.204831 0.486807 0.028465 0.040810
0 0.186466 0.489256 0.022956 0.032648
0 0.171315 0.494153 0.034893 0.052237
0 0.141473 0.500682 0.044993 0.068561
0 0.100852 0.511585 0.056012 0.081425
0 0.045223 0.518512 0.090446 0.115455
0 0.393920 0.475030 0.098250 0.137122
0 0.522073 0.436670 0.031201 0.037237
0 0.865941 0.456921 0.136816 0.218742
0 0.741316 0.504598 0.280569 0.309626
0 0.503362 0.437590 0.007050 0.025806
0 0.493616 0.432060 0.017419 0.032441
0 0.475367 0.432429 0.009954 0.014009
