0 0.337118 0.527807 0.039023 0.053615
0 0.402508 0.488268 0.028477 0.014709
0 0.279975 0.550357 0.085809 0.106061
0 0.560973 0.516038 0.010451 0.037424
0 0.594236 0.506875 0.064786 0.111999
0 0.607645 0.518812 0.037969 0.103125
0 0.679364 0.517875 0.141328 0.202500
0 0.752429 0.591458 0.203735 0.272084
0 0.520449 0.479133 0.024336 0.030193
0 0.498047 0.470230 0.017854 0.020128
0 0.471484 0.486101 0.022209 0.025548
0 0.498047 0.510874 0.043982 0.059611
0 0.555965 0.471392 0.021338 0.023999
0 0.395261 0.612707 0.202007 0.250414
0 0.131309 0.640312 0.262617 0.241875
0 0.891780 0.707821 0.211674 0.449084
0 0.549868 0.465972 0.017854 0.025548
0 0.441393 0.482849 0.020903 0.022451
0 0.454674 0.482462 0.013500 0.030967
