0 0.506862 0.490266 0.027547 0.042443
0 0.408685 0.487309 0.019937 0.042967
0 0.549560 0.493728 0.060603 0.081769
0 0.379688 0.487273 0.053257 0.075091
0 0.587815 0.496472 0.021739 0.049042
0 0.602215 0.501966 0.033342 0.049518
0 0.691168 0.466930 0.089470 0.056467
0 0.796869 0.522098 0.114779 0.142019
0 0.913039 0.559915 0.171069 0.169770
0 0.044040 0.440575 0.085325 0.129436
0 0.204366 0.492235 0.288443 0.331250
0 0.676909 0.532819 0.149323 0.144961
0 0.457278 0.486457 0.027547 0.035913
0 0.421306 0.487571 0.007663 0.033011
0 0.481286 0.487309 0.025053 0.023055
0 0.433096 0.483903 0.017095 0.019388
