0 0.863459 0.440257 0.270660 0.518014
0 0.666109 0.469286 0.050024 0.123750
0 0.644644 0.456785 0.034048 0.081787
0 0.369680 0.441844 0.034829 0.056447
0 0.346997 0.454455 0.046416 0.076863
0 0.314815 0.462750 0.043224 0.093750
0 0.156818 0.501562 0.281208 0.264375
0 0.054316 0.498318 0.106523 0.255864
0 0.489441 0.472369 0.206045 0.348488
0 0.609810 0.431781 0.024910 0.031618
0 0.605692 0.421901 0.023343 0.029642
0 0.593187 0.399175 0.016118 0.023713
0 0.598467 0.407080 0.013339 0.019761
0 0.585406 0.387813 0.015006 0.024701
