0 0.711254 0.583125 0.164795 0.168750
0 0.018551 0.605114 0.037102 0.078569
0 0.115749 0.589734 0.074360 0.073030
0 0.169409 0.571875 0.059326 0.065625
0 0.196424 0.553704 0.037102 0.055290
0 0.298078 0.540609 0.055992 0.060140
0 0.423193 0.533234 0.047461 0.077281
0 0.621698 0.560624 0.083367 0.120938
0 0.581126 0.544914 0.044463 0.095842
0 0.557434 0.512109 0.080445 0.133594
0 0.488452 0.523625 0.051416 0.074624
0 0.457330 0.520189 0.008469 0.009410
0 0.450184 0.516425 0.006881 0.015056
0 0.328530 0.531297 0.009602 0.019509
0 0.341660 0.530538 0.011691 0.017992
0 0.349334 0.529265 0.005487 0.013819
0 0.353907 0.528858 0.005487 0.014632
0 0.357793 0.529265 0.004115 0.010567
0 0.233799 0.553704 0.056199 0.063050
2 0.382506 0.518762 0.025323 0.033764
