0 0.016133 0.754953 0.032267 0.128687
0 0.487073 0.608788 0.016389 0.022816
0 0.420509 0.602320 0.017110 0.027666
0 0.432399 0.605778 0.011116 0.012845
0 0.369615 0.607800 0.019121 0.024792
0 0.185102 0.598404 0.024320 0.024160
0 0.153359 0.591224 0.041899 0.048232
0 0.033888 0.597129 0.067777 0.041277
0 0.396931 0.625516 0.038242 0.062201
0 0.452271 0.616903 0.028629 0.041975
0 0.582848 0.569380 0.020487 0.014568
0 0.629968 0.563310 0.032779 0.016996
0 0.789764 0.539029 0.035510 0.016996
0 0.761766 0.541457 0.031413 0.016996
0 0.285761 0.594730 0.128356 0.028824
0 0.940646 0.507418 0.040533 0.025221
0 0.911664 0.512943 0.019591 0.013211
