0 0.198843 0.332053 0.037390 0.031813
0 0.507413 0.323470 0.018970 0.027551
0 0.486923 0.321619 0.013443 0.017728
0 0.459557 0.323229 0.009602 0.012803
0 0.089779 0.331123 0.068401 0.094898
0 0.136464 0.331329 0.035300 0.076118
0 0.279488 0.333303 0.016728 0.016013
0 0.315196 0.324021 0.016085 0.020325
0 0.348008 0.324725 0.008364 0.012582
0 0.386382 0.320968 0.023346 0.023370
0 0.441313 0.322802 0.006721 0.008535
0 0.029083 0.323858 0.058165 0.097182
0 0.159578 0.327584 0.015406 0.018301
0 0.294286 0.325297 0.011581 0.022876
0 0.355407 0.323581 0.006434 0.010294
0 0.363128 0.323009 0.006434 0.009150
0 0.449715 0.322802 0.005281 0.008535
