0 0.321568 0.617221 0.035177 0.051662
0 0.212685 0.627417 0.074360 0.096526
0 0.126362 0.633535 0.118533 0.130514
0 0.039283 0.623338 0.078566 0.205287
0 0.490573 0.622205 0.016059 0.019033
0 0.507779 0.624245 0.027530 0.025831
0 0.527280 0.637160 0.037472 0.038066
0 0.566525 0.639885 0.054732 0.067428
0 0.608707 0.671465 0.079564 0.060600
0 0.666078 0.703323 0.123886 0.146828
0 0.351957 0.619124 0.023707 0.035347
0 0.397216 0.614420 0.053047 0.037918
0 0.284650 0.626883 0.048199 0.050866
0 0.836727 0.797457 0.304049 0.328207
0 0.459219 0.624874 0.030589 0.036356
