0 0.535563 0.770967 0.021173 0.031053
0 0.515184 0.774261 0.018526 0.048932
0 0.494817 0.782061 0.047615 0.067208
0 0.459717 0.796497 0.042560 0.096079
0 0.365529 0.834359 0.144368 0.190895
0 0.171558 0.862673 0.341003 0.271637
0 0.577643 0.794270 0.043933 0.062027
0 0.676625 0.814724 0.043933 0.084691
0 0.656511 0.800609 0.046051 0.071517
0 0.708384 0.825075 0.057696 0.120449
0 0.790199 0.851840 0.165559 0.216887
0 0.946042 0.891943 0.104742 0.202908
0 0.430668 0.802502 0.058773 0.112893
0 0.621047 0.783200 0.046051 0.051755
1 0.604638 0.753559 0.026995 0.031994
