0 0.231164 0.543610 0.062331 0.073636
0 0.450817 0.504965 0.050483 0.076834
0 0.275299 0.530086 0.039034 0.054480
0 0.301232 0.516096 0.031093 0.054463
0 0.324094 0.515690 0.018290 0.030889
0 0.337583 0.511625 0.013260 0.027638
0 0.344899 0.506748 0.021490 0.039018
0 0.719278 0.493223 0.090341 0.098319
0 0.792725 0.499715 0.138170 0.129661
0 0.368336 0.507565 0.016573 0.026574
0 0.377058 0.508720 0.012569 0.024263
0 0.380522 0.502654 0.011048 0.019064
0 0.394495 0.503809 0.013648 0.016753
0 0.358159 0.509187 0.007773 0.021135
0 0.424391 0.499477 0.006499 0.012709
0 0.403594 0.500632 0.010399 0.015020
0 0.408305 0.498899 0.010723 0.020797
