0 0.397343 0.442560 0.007958 0.018864
0 0.369490 0.444132 0.010021 0.024103
0 0.133435 0.441944 0.134980 0.119940
0 0.882956 0.471932 0.067368 0.025164
0 0.834458 0.551785 0.197419 0.173035
0 0.941891 0.594228 0.114779 0.215478
0 0.348530 0.442822 0.033078 0.039299
0 0.425786 0.441774 0.016506 0.015196
0 0.453787 0.446490 0.005305 0.005764
0 0.479754 0.450106 0.030359 0.019912
0 0.519868 0.458175 0.020632 0.027247
0 0.503805 0.448481 0.015621 0.019388
0 0.507047 0.453459 0.013853 0.022008
0 0.458945 0.444656 0.006190 0.007336
0 0.376859 0.447014 0.005895 0.019388
0 0.387470 0.445704 0.014148 0.019912
0 0.410165 0.443870 0.017685 0.019388
0 0.441850 0.441512 0.007958 0.012576
