0 0.902001 0.601780 0.192548 0.381356
0 0.101984 0.532980 0.080409 0.067317
0 0.173755 0.517627 0.059205 0.064068
0 0.318051 0.502291 0.032606 0.042875
0 0.419930 0.505678 0.034322 0.068644
0 0.441307 0.493937 0.017013 0.050246
0 0.548866 0.501610 0.022309 0.065593
0 0.803779 0.586525 0.303750 0.329491
0 0.258702 0.514430 0.059205 0.041988
0 0.371536 0.518644 0.085805 0.088475
0 0.573607 0.507966 0.052341 0.079322
0 0.511398 0.506441 0.049767 0.079322
2 0.466780 0.469068 0.034322 0.077797
1 0.364302 0.460962 0.064698 0.067832
2 0.039877 0.448651 0.079754 0.424586
