0 0.868359 0.587009 0.169226 0.078865
0 0.426543 0.514203 0.010887 0.013935
0 0.452671 0.525041 0.007403 0.017032
0 0.460727 0.530074 0.009580 0.013161
0 0.473792 0.530074 0.014806 0.044128
0 0.488815 0.537815 0.039628 0.056514
0 0.497307 0.551363 0.036579 0.054192
0 0.523653 0.568782 0.050950 0.061159
0 0.407815 0.516109 0.006539 0.013219
0 0.404269 0.519447 0.006402 0.018230
0 0.393230 0.521823 0.017419 0.028113
0 0.393012 0.527751 0.013500 0.022451
0 0.382778 0.530461 0.011322 0.029418
0 0.362093 0.534547 0.038757 0.060816
0 0.658685 0.554557 0.018927 0.072786
0 0.644348 0.552824 0.015597 0.079718
0 0.609160 0.549838 0.023205 0.077211
0 0.443526 0.519622 0.012629 0.021677
