0 0.404201 0.562215 0.008162 0.026459
0 0.393399 0.558374 0.008642 0.030727
0 0.377075 0.562215 0.020164 0.033287
0 0.340600 0.568741 0.024940 0.042427
0 0.320903 0.567762 0.021125 0.051211
0 0.298818 0.557520 0.025926 0.037555
0 0.252008 0.574591 0.047530 0.068282
0 0.181861 0.576842 0.089882 0.097479
0 0.066041 0.583724 0.131400 0.125810
0 0.509824 0.559654 0.007202 0.017924
0 0.517746 0.556667 0.011523 0.018777
0 0.565277 0.555813 0.017284 0.040969
0 0.674453 0.568360 0.054732 0.081085
0 0.528789 0.559227 0.015363 0.018777
0 0.591682 0.557947 0.033607 0.046944
0 0.733506 0.576042 0.099862 0.103276
0 0.463014 0.564348 0.017284 0.017070
0 0.432047 0.564775 0.017764 0.017924
0 0.957409 0.655205 0.082641 0.186218
0 0.386437 0.555386 0.009122 0.031580
0 0.399640 0.561361 0.006721 0.024752
0 0.570798 0.557947 0.012003 0.038408
