0 0.383119 0.596975 0.023713 0.024090
0 0.319435 0.604440 0.026779 0.018703
0 0.325750 0.641877 0.043184 0.069510
0 0.470134 0.595181 0.005226 0.017032
0 0.476774 0.597928 0.012409 0.019280
0 0.488206 0.602536 0.014371 0.027096
0 0.501052 0.607181 0.020032 0.027096
0 0.513463 0.615310 0.023080 0.029418
0 0.437691 0.585117 0.008274 0.007742
0 0.452932 0.583048 0.015241 0.022718
0 0.535704 0.621503 0.030854 0.030967
0 0.585971 0.635895 0.060613 0.074811
0 0.271615 0.657148 0.082250 0.107116
0 0.183149 0.657675 0.065991 0.072057
0 0.039099 0.654430 0.078199 0.062248
0 0.962003 0.605763 0.061337 0.073866
0 0.077907 0.653911 0.015756 0.023862
0 0.345708 0.597162 0.025677 0.037349
0 0.409268 0.589165 0.019055 0.031053
