0 0.551761 0.624865 0.010783 0.012534
0 0.531149 0.631854 0.017834 0.018255
0 0.512071 0.630837 0.012857 0.014746
0 0.476095 0.632223 0.015963 0.017517
0 0.360305 0.635556 0.015799 0.017555
0 0.346678 0.640471 0.016194 0.023172
0 0.328711 0.642578 0.021319 0.020364
0 0.309944 0.646440 0.020144 0.021066
0 0.290787 0.647844 0.021329 0.023875
0 0.270058 0.647844 0.024869 0.026683
0 0.237255 0.645009 0.036709 0.042078
0 0.202231 0.652620 0.038271 0.037599
0 0.166960 0.666804 0.048583 0.036514
0 0.577267 0.626708 0.017004 0.023594
0 0.592411 0.634615 0.026466 0.030112
0 0.735836 0.665933 0.178524 0.200045
0 0.577475 0.631869 0.008295 0.020645
0 0.494860 0.630100 0.009954 0.016221
0 0.453202 0.631943 0.019346 0.016560
